4049958.0
271962.0
427704.0
152137460.0
265446.0
536007.0
976683.0
45222.0
26958.0
30861642.0
4579818.0
1462302.0
147843.0
2228862.0
13596183.0
183828260.0
16082820.0
770397.0
7647081.0
1483116.0
100879130.0
1161777.0
33303018.0
56886.0
63523744.0
690918.0
929562.0
130823896.0
5077353.0
150324.0
11303421.0
80220.0
23857410.0
209274.0
8968683.0
96497140.0
3665700.0
329742.0
70147870.0
17880.0
4780080.0
1907697.0
16458444.0
72736330.0
28146.0
21657.0
532698.0
2332335.0
205509.0
29826390.0
24911886.0
4992.0
1407786.0
8686278.0
109591050.0
463938.0
2935950.0
102480.0
4340640.0
252774.0
131907.0
196560.0
6519.0
1888386.0
312807.0
466521.0
3164358.0
170610.0
8244.0
33892664.0
3775710.0
2517.0
3856476.0
17640.0
3621.0
120354.0
9061860.0
443994.0
120167750.0
99242820.0
1412850.0
28182.0
5325036.0
213234.0
69582.0
6829665.0
50618224.0
2088.0
231192.0
68404160.0
112599096.0
3294.0
16295373.0
72.0
120936.0
366552.0
6502935.0
3264852.0
94326.0
78.0
18240.0
159981.0
15958008.0
240.0
76424990.0
2598549.0
14565.0
76500.0
31867848.0
1255500.0
114090410.0
890904.0
473517.0
28794484.0
9694146.0
12067977.0
147889710.0
1027650.0
39243224.0
94064430.0
14808810.0
72691840.0
129853420.0
8302668.0
313284.0
1490322.0
28419.0
94581.0
31128.0
1440042.0
24291.0
155994.0
11795985.0
36534060.0
2907432.0
7863.0
126284530.0
100718140.0
724089.0
2601120.0
1145994.0
45150624.0
28898532.0
24.0
295362.0
172452.0
33857860.0
6396.0
5674026.0
423528.0
126183.0
79013940.0
52656.0
127377.0
249930.0
960132.0
20616.0
15821556.0
1863.0
269952.0
27340008.0
16282176.0
74202600.0
271305.0
42171.0
1947.0
69702510.0
2217249.0
14485140.0
198492.0
15763662.0
1773348.0
5040.0
132666.0
5085978.0
147612.0
1067040.0
583875.0
290952.0
480.0
11148.0
2899248.0
4067562.0
76315590.0
335160.0
8420493.0
86112.0
38622700.0
48492.0
102875020.0
49896.0
63636656.0
48820220.0
171540910.0
354996.0
3006.0
36712704.0
183084.0
13830.0
23023530.0
27290928.0
402.0
769344.0
210645540.0
7362.0
28590.0
21897.0
9040308.0
1239696.0
150120940.0
2333418.0
112914790.0
912459.0
76980.0
20185410.0
241065.0
1039248.0
8703165.0
7538676.0
216.0
942570.0
384.0
935028.0
46072980.0
13005.0
126.0
1706568.0
399684.0
8980116.0
83081940.0
11028105.0
13219422.0
17898.0
2987136.0
6711795.0
347370.0
660618.0
68510760.0
14126181.0
10067619.0
2592.0
1032066.0
143319.0
2033028.0
18162780.0
381660.0
11775.0
88849790.0
55342690.0
27062580.0
635724.0
3024.0
3096960.0
53032748.0
169024830.0
249321.0
22834614.0
98337.0
85579540.0
185520.0
15885630.0
72.0
17674596.0
4260624.0
53281110.0
261807.0
119080936.0
9789522.0
42939736.0
1167369.0
707031.0
6228585.0
179325.0
1048164.0
40516316.0
21588570.0
5196894.0
1475694.0
2571378.0
21335280.0
65838.0
23835714.0
1638354.0
18224296.0
5370513.0
21208710.0
93.0
93591.0
93363096.0
3903.0
21035740.0
1247832.0
110628820.0
28031088.0
2933328.0
791046.0
7827.0
7527.0
43337680.0
372.0
43451024.0
14117187.0
301392.0
6732.0
120.0
947922.0
5342400.0
144613220.0
6396.0
6343947.0
11979075.0
983940.0
45554120.0
2740878.0
3323685.0
41217.0
208758.0
158646.0
29338460.0
248076.0
18.0
9435.0
7500.0
4870407.0
5586156.0
21066204.0
15999.0
127506.0
475944.0
7893186.0
71115.0
8736.0
56769850.0
72984.0
1450656.0
17685.0
83280.0
2573250.0
2214.0
4482.0
85059.0
2606700.0
581808.0
9720.0
104580.0
2407401.0
4139862.0
10221681.0
31788040.0
1332051.0
173628.0
10142178.0
72.0
2744589.0
1224924.0
69414744.0
33384.0
2172.0
33348.0
371964.0
842388.0
283746.0
3936.0
4529022.0
1154577.0
15273612.0
60300.0
590280.0
8082.0
65082.0
216055780.0
26579952.0
30996532.0
9858.0
4520814.0
19039952.0
3773283.0
5484.0
8175624.0
988182.0
67576480.0
496530.0
22344.0
51486090.0
60.0
22044408.0
2652786.0
7632.0
13708044.0
6083328.0
13108743.0
30206916.0
33634724.0
986586.0
780.0
17121.0
222.0
1137102.0
534.0
5387736.0
85092.0
15222939.0
13563276.0
31829694.0
102139760.0
5913048.0
2059128.0
372075.0
228060.0
49128.0
5023974.0
3361506.0
33595884.0
3464595.0
111669.0
13296.0
20839772.0
1476.0
19054458.0
15549.0
336.0
263310.0
133654940.0
5777256.0
135648.0
924.0
29460.0
5156364.0
4209.0
82352390.0
9866007.0
2107365.0
3744.0
1545684.0
34692344.0
41397856.0
3195204.0
12702492.0
288.0
4008.0
6487314.0
2046.0
1369170.0
984.0
8781.0
270711.0
66933.0
884004.0
7204512.0
56952.0
482676.0
619500.0
3463152.0
8918934.0
36093730.0
3405444.0
2796906.0
20064.0
5460084.0
16464.0
9.0
47156230.0
49369812.0
13360653.0
26691.0
373512.0
329538.0
1551.0
24261416.0
21541668.0
12709407.0
5877684.0
458748.0
66424530.0
3505848.0
17761698.0
2182116.0
15167469.0
84779060.0
72155896.0
1082760.0
14142.0
306360.0
357783.0
183112260.0
1524426.0
5405124.0
1701207.0
1217244.0
22404390.0
43056.0
32355732.0
4570242.0
379104.0
3978.0
211290.0
16418028.0
1829952.0
27648.0
119304.0
90896460.0
253452.0
17478556.0
20544720.0
33311280.0
13500486.0
3861894.0
23095590.0
10986.0
15057414.0
3021366.0
8690886.0
12480.0
40743030.0
17520.0
1866.0
108951150.0
95241420.0
18768.0
10142139.0
109224920.0
15178950.0
508665.0
217266.0
576840.0
2606340.0
53022380.0
157122.0
25659390.0
62902120.0
100959.0
1458840.0
24896176.0
1524384.0
91527.0
81.0
504.0
93408.0
7738728.0
390687.0
213090.0
122405960.0
24576.0
71086980.0
29559408.0
4805616.0
5508477.0
66348.0
1200.0
131325.0
144.0
454482.0
20335380.0
4610121.0
2594175.0
6659076.0
553806.0
52205856.0
101715700.0
371892.0
23711240.0
90495600.0
780186.0
193164.0
208800.0
18581304.0
2709525.0
892014.0
46864504.0
7920.0
1895340.0
38066650.0
67007732.0
1663344.0
154131.0
70909570.0
3203730.0
2268.0
103130090.0
799548.0
2589684.0
120421304.0
96.0
146743540.0
564138.0
37817570.0
243006.0
1431519.0
13302.0
77692240.0
302004.0
128031.0
98600820.0
16992.0
975636.0
12195918.0
528402.0
3492648.0
13650168.0
5075574.0
153252.0
6029712.0
1621341.0
126665840.0
48216.0
3904671.0
122392770.0
1600068.0
64646840.0
136695.0
4100565.0
6342987.0
16560.0
1548.0
14928.0
71757890.0
38612524.0
4261638.0
48546944.0
174303.0
58710.0
152358.0
24009714.0
57417.0
782649.0
1032504.0
373467.0
24432738.0
5793918.0
41520.0
4230.0
157278.0
1756551.0
82197.0
1412562.0
15399.0
123435.0
285375.0
351042.0
8357811.0
183405.0
8480736.0
25177788.0
161504900.0
504.0
48184092.0
4203.0
135.0
467394.0
54550510.0
34928684.0
14666346.0
35632400.0
95708776.0
158258700.0
1338.0
6900930.0
35188890.0
78635810.0
3508065.0
3684.0
16380216.0
346794.0
4116498.0
3188784.0
76757340.0
1455822.0
11509356.0
7983.0
3276.0
569088.0
94587180.0
35254976.0
34892296.0
815562.0
43670260.0
25520972.0
748800.0
54180108.0
7283184.0
23881698.0
80976.0
59390936.0
101002504.0
2707674.0
198660.0
77826930.0
65094036.0
154625780.0
12929487.0
19752.0
1068.0
1823469.0
8416266.0
4830081.0
28224.0
3376146.0
929820.0
194886.0
209806030.0
706941.0
7293720.0
10217556.0
3073659.0
384654.0
45.0
23124.0
13851.0
32655860.0
3303.0
7128.0
2784.0
25266.0
360240.0
2652078.0
1040874.0
72.0
2640.0
13587243.0
904296.0
29342416.0
83652.0
552189.0
2626326.0
17790810.0
3457179.0
18479604.0
129024.0
847143.0
497931.0
35788624.0
1344.0
149307.0
17200836.0
623976.0
42.0
51547710.0
7848.0
3354.0
3756717.0
106068.0
8228748.0
3744.0
4005258.0
14140812.0
3450102.0
122967210.0
40149304.0
3564.0
25413792.0
225231.0
27771072.0
960.0
131160.0
42552.0
1869921.0
1318362.0
5868.0
414816.0
5022.0
111696.0
31797606.0
477378.0
249525.0
32400.0
12.0
83943090.0
32414580.0
48485730.0
2235.0
28443816.0
1327539.0
6888744.0
11050095.0
356232.0
642294.0
4809582.0
20967198.0
2999433.0
8580.0
3218778.0
5305314.0
133851.0
2262567.0
72.0
126.0
113072670.0
39372.0
108.0
50445.0
1734.0
57985070.0
3150846.0
146809760.0
7298850.0
307704.0
284178.0
37691610.0
233742.0
795747.0
534.0
41403956.0
82776.0
3503850.0
2139.0
1894464.0
320892.0
733857.0
1170.0
44734624.0
15348.0
13223484.0
13202052.0
59087410.0
38091104.0
108.0
1971183.0
764904.0
40833.0
99718840.0
23208.0
38556.0
91665.0
192.0
360.0
227556.0
62196772.0
3537750.0
15098217.0
71661.0
15564114.0
28440.0
12546.0
11536923.0
11676645.0
166956.0
3904593.0
16772976.0
232866.0
118726780.0
30672672.0
728586.0
1782.0
2386314.0
3126150.0
2670.0
20390168.0
765546.0
456444.0
4148700.0
137318260.0
29076.0
2376.0
8646984.0
1239762.0
10841586.0
1507464.0
30069496.0
913779.0
36272530.0
12828.0
153.0
835464.0
417993.0
3668838.0
2904.0
47424.0
4254978.0
1083216.0
68702900.0
52098.0
2430.0
48.0
257997.0
4908093.0
1417365.0
425760.0
3993879.0
1617330.0
125385090.0
27879084.0
135568800.0
330.0
55667508.0
31469052.0
155649.0
21188276.0
1264344.0
154505360.0
77010510.0
1023678.0
9840330.0
42336.0
575235.0
880866.0
3081.0
173347740.0
37210210.0
1642170.0
258672.0
6248532.0
624.0
146359250.0
1642590.0
1957302.0
14349.0
599286.0
54673668.0
582960.0
25832670.0
2023002.0
189457740.0
13744938.0
309204.0
108329300.0
1553082.0
11892855.0
30910464.0
8589240.0
72.0
5884710.0
2520414.0
1583493.0
156132.0
58088700.0
33045252.0
45564.0
5106603.0
36.0
3142206.0
3906.0
13458642.0
139524.0
2219370.0
6939369.0
20621884.0
110808.0
13393215.0
64744040.0
1941834.0
73498136.0
239199.0
341970.0
4528764.0
2020272.0
5910.0
1113633.0
134784.0
8791734.0
89850.0
1126830.0
89010.0
3528.0
98107800.0
2135397.0
77338580.0
145098.0
4050204.0
104127.0
13509483.0
19684422.0
747936.0
16117947.0
116424.0
1853160.0
173748.0
2992242.0
5344446.0
83516984.0
14648649.0
12990498.0
19845.0
2047266.0
30456.0
13071918.0
3894222.0
3691080.0
6768.0
6304530.0
3453378.0
36931896.0
55020840.0
58441176.0
3321807.0
7710.0
169821.0
111918.0
1668.0
67039670.0
22644.0
40598670.0
7416.0
79422.0
823419.0
12548130.0
172926290.0
14090076.0
35432444.0
1947054.0
19809306.0
28481214.0
6201852.0
3456.0
9581562.0
1464.0
45717550.0
217320.0
373764.0
2052864.0
2772.0
21814062.0
77684560.0
802632.0
17946714.0
54635960.0
9789.0
27582624.0
36735710.0
865560.0
34072080.0
382.0
95112.0
56837500.0
2016.0
105537650.0
1075950.0
2920089.0
22924602.0
858789.0
153618200.0
3683190.0
16751247.0
150033460.0
1377.0
50049.0
1440.0
115476.0
4164162.0
5318214.0
144.0
5400843.0
756.0
6791583.0
625359.0
426963.0
2427066.0
92606510.0
348912.0
61844696.0
876.0
2514192.0
143463620.0
396.0
141420.0
14317848.0
29313.0
25428342.0
393.0
28066092.0
257358.0
162.0
200883.0
17883.0
107577010.0
20782236.0
38022370.0
23244.0
9726507.0
39984.0
45867.0
142602.0
5354346.0
40884210.0
25467.0
498.0
563322.0
2235462.0
2723040.0
999261.0
11811.0
2112.0
170328.0
32214568.0
112653416.0
186620540.0
8630394.0
1395.0
19610598.0
216677440.0
98906536.0
493740.0
12832320.0
129.0
120.0
8259.0
21244196.0
51158804.0
5107293.0
28881666.0
916110.0
13747653.0
178908.0
7395183.0
309216.0
504.0
33972.0
60845850.0
2094270.0
12338106.0
160668.0
14844225.0
74496.0
4020.0
11898.0
3625005.0
31247400.0
10147974.0
74846000.0
1526490.0
27385194.0
303936.0
328350.0
2304.0
1038396.0
467175.0
5522517.0
11085528.0
93179780.0
7953912.0
1714503.0
18708.0
52314.0
2517384.0
32757504.0
59352.0
20515518.0
54272536.0
342750.0
4731.0
102840.0
85548264.0
1153152.0
282819.0
21636.0
657216.0
10587633.0
888.0
2340.0
7867392.0
255576.0
1997208.0
22404.0
2711088.0
750276.0
96.0
762048.0
272166.0
69987.0
5317242.0
386916.0
160068.0
154814800.0
972.0
11843172.0
321486.0
9698061.0
12192.0
40573250.0
16677456.0
522.0
170190.0
598284.0
70390350.0
1331100.0
271680.0
866520.0
13359.0
28776.0
170100.0
32357322.0
211846780.0
31270864.0
576.0
4254447.0
6041586.0
21324.0
28003084.0
8664186.0
480.0
34179824.0
457350.0
4901454.0
1035168.0
3688266.0
130836.0
24172746.0
16079538.0
10471800.0
14826.0
285525.0
146079.0
12480.0
39856828.0
203853120.0
261678.0
2935440.0
165567.0
12742041.0
2194038.0
5071776.0
186945.0
153075.0
2520.0
12216.0
68792240.0
393474.0
50950140.0
7202460.0
9253623.0
1308432.0
151254.0
821463.0
10231080.0
126378.0
445122.0
395172.0
24316284.0
405.0
415374.0
1839471.0
31246014.0
297672.0
636.0
8682.0
18857904.0
17000748.0
1560282.0
312.0
42528.0
61968.0
956706.0
12552.0
3735.0
678228.0
62683320.0
2738940.0
1232160.0
18204.0
3355764.0
25427644.0
31407.0
94788.0
933192.0
23160.0
3562167.0
149940.0
17155362.0
1989615.0
29435280.0
20529.0
16848.0
297138.0
4044948.0
36277070.0
30829796.0
20652.0
213288.0
61138052.0
8402190.0
188111920.0
26547954.0
478206.0
68651330.0
855216.0
2640.0
119148.0
13136661.0
388080.0
71792824.0
19371.0
10752.0
26781.0
1228956.0
4551753.0
247182.0
4131042.0
151200.0
3478062.0
48.0
528.0
730716.0
179712.0
1661811.0
5069157.0
43876904.0
692316.0
32418344.0
48.0
187763150.0
1612023.0
27278418.0
122067.0
1623.0
19613532.0
4431066.0
45924.0
16260.0
2696010.0
2408751.0
396.0
2007.0
21681.0
2672229.0
392682.0
129635384.0
1899.0
6018384.0
3375456.0
17688.0
23356556.0
11754612.0
3438.0
23028.0
762.0
140331.0
125015430.0
1035354.0
125052.0
5435799.0
12776205.0
99.0
7124661.0
13995.0
7958922.0
27926142.0
28121284.0
20592.0
25827380.0
14105772.0
5470812.0
1677069.0
62792108.0
54609216.0
7186203.0
10952916.0
4701.0
92169944.0
1920.0
55218.0
24613500.0
78.0
32220.0
393333.0
11970792.0
43639040.0
130956.0
7636593.0
67826530.0
56165200.0
14166.0
56280.0
32459160.0
111582.0
384.0
786576.0
864.0
1314870.0
12585063.0
619422.0
129588.0
143907170.0
990417.0
775296.0
6834.0
12247284.0
159900.0
348.0
281790.0
92412.0
4366050.0
2592.0
238170.0
1416.0
15935952.0
97866.0
17334.0
72.0
138569090.0
58500.0
54967256.0
44124.0
1626.0
48153260.0
3623334.0
9153867.0
609843.0
1048320.0
3411678.0
838755.0
74093256.0
211680.0
3485205.0
480.0
6779595.0
18015.0
6427326.0
2370207.0
384.0
4030698.0
32778078.0
2705361.0
223380.0
1490346.0
1145934.0
660.0
87803060.0
69894.0
9968118.0
594.0
130828310.0
234040480.0
2778879.0
1338480.0
29415020.0
101749480.0
176948420.0
10344432.0
8640.0
1536.0
289410.0
7887951.0
186.0
159543620.0
2709.0
4173.0
281634.0
3304452.0
1458603.0
301362.0
12392106.0
15546.0
1602.0
39.0
1366980.0
559605.0
19122.0
23913108.0
72.0
3386772.0
11125773.0
22667544.0
1351620.0
545544.0
23742.0
142049200.0
8496.0
1534590.0
7393419.0
118414440.0
13265706.0
477753.0
99114.0
5015232.0
30960.0
202044.0
11804514.0
72.0
69600.0
6072.0
11550498.0
35280.0
3421311.0
846918.0
23550588.0
101700.0
61080.0
54554150.0
5783877.0
18537016.0
508656.0
12014055.0
9018.0
511962.0
4941.0
121050.0
32639490.0
222396.0
17440020.0
7392.0
13153080.0
6774.0
15411.0
117293390.0
74100.0
77631.0
17364.0
847185.0
25587198.0
2561106.0
453177.0
38526.0
37362024.0
596316.0
18812708.0
86420920.0
1795986.0
509928.0
8035818.0
902496.0
51685390.0
330963.0
6941850.0
177072.0
130620.0
2403324.0
715530.0
916410.0
10560.0
2810502.0
87844480.0
3833304.0
541632.0
307485.0
427152.0
9438105.0
4860939.0
11336064.0
72.0
7884.0
17661.0
485892.0
194472.0
3337758.0
1951041.0
4599354.0
18298908.0
1234518.0
47653304.0
27819414.0
19794198.0
1933638.0
4443126.0
172774060.0
126780.0
879.0
21302956.0
24300824.0
2539944.0
364824.0
13146096.0
815661.0
44745.0
728634.0
4101129.0
23623212.0
1392.0
127122.0
783297.0
3102330.0
19356.0
7746648.0
13161777.0
280848.0
403698.0
630.0
42096316.0
212235570.0
20250.0
14707917.0
64684956.0
750.0
2451492.0
5929308.0
34670172.0
26624466.0
2016.0
96.0
163833.0
24932064.0
34764.0
819216.0
19811688.0
3.0
30582.0
5744466.0
515778.0
1258662.0
118791700.0
20472.0
1458.0
35896470.0
31255488.0
1764726.0
286506.0
37577052.0
146119250.0
9132.0
1296339.0
31257664.0
19239474.0
3023235.0
18625824.0
35889696.0
316905.0
372.0
24948876.0
243.0
86024380.0
85737210.0
38278680.0
2355732.0
17394.0
660180.0
22109106.0
10945578.0
813609.0
31737606.0
44064.0
50388.0
2076102.0
134724.0
754608.0
36.0
156.0
260376.0
295071.0
461526.0
4812270.0
42777.0
31991008.0
8789220.0
8706.0
19237432.0
38547.0
179614270.0
137604.0
19609096.0
221520700.0
81.0
630912.0
4976340.0
5808831.0
1210386.0
27028638.0
8723676.0
4845963.0
13265328.0
103478090.0
8085978.0
1152552.0
323640.0
247386.0
2975130.0
126074380.0
2292.0
816162.0
38403.0
893592.0
316668.0
5376.0
764952.0
24633080.0
4503852.0
194688.0
4860.0
99190420.0
4549578.0
528.0
4996470.0
4354170.0
972.0
361932.0
3288522.0
2328.0
28599.0
4438740.0
22189508.0
5504016.0
72.0
226398.0
532122.0
10543422.0
10974.0
871752.0
130479580.0
11700.0
38618664.0
30.0
28357624.0
345219.0
317874.0
51574740.0
4637976.0
49953.0
44947132.0
12.0
12491184.0
78979300.0
3007179.0
76415810.0
7614.0
333528.0
111.0
1945776.0
17301552.0
34004744.0
2303667.0
14070.0
81258.0
1890828.0
483.0
717744.0
14754.0
158131870.0
25345122.0
131754.0
5256.0
2165274.0
240.0
16151805.0
6804.0
15.0
19888976.0
13056.0
41808.0
22560.0
7370202.0
455130.0
41973.0
47863016.0
4644.0
51443028.0
98411496.0
850074.0
155208.0
7505889.0
428955.0
565758.0
53061110.0
25848.0
486.0
612.0
148068030.0
42460240.0
1185282.0
16837704.0
192.0
18353160.0
1277598.0
4749624.0
70116.0
1205862.0
28833786.0
1010016.0
55994068.0
81235840.0
204876.0
129817550.0
36000.0
29874.0
3930.0
24129612.0
7832142.0
114974344.0
4113288.0
35964164.0
541770.0
5832.0
66960908.0
2738250.0
7605210.0
5662965.0
402420.0
1480644.0
1446303.0
3886824.0
25209966.0
296076.0
671730.0
38024890.0
272469.0
364746.0
50141652.0
28491728.0
15.0
43896.0
4560.0
3647772.0
53898.0
3054450.0
147762.0
48.0
4417683.0
70297400.0
21216.0
16609842.0
182844.0
318696.0
126.0
143214.0
154185.0
315.0
3105.0
63378.0
175104.0
155361.0
52380.0
7560.0
7027122.0
3466119.0
5226.0
90168.0
2287506.0
65400.0
42129440.0
1147653.0
37836.0
426954.0
7137600.0
9022443.0
109311.0
57883880.0
354.0
740652.0
3111.0
15782358.0
5928825.0
6077808.0
110768000.0
148098380.0
116040570.0
31412958.0
104526.0
31124208.0
52416270.0
14724.0
26991.0
9698619.0
2343.0
112959.0
18217686.0
20502.0
11008545.0
35852984.0
1368.0
974907.0
109169300.0
23444550.0
223737.0
17322.0
1596.0
234930.0
41557690.0
810384.0
32671458.0
6218166.0
33803200.0
5226.0
1493400.0
8857044.0
1973388.0
452292.0
21603.0
4641.0
444.0
273.0
31068.0
21276096.0
600.0
33579190.0
684.0
208227.0
735.0
492.0
164874.0
16196592.0
53490.0
288.0
3018657.0
14538.0
4262754.0
5724144.0
177324.0
56416428.0
4827246.0
13932.0
3462672.0
15304185.0
45996816.0
30600.0
341610.0
1224837.0
99.0
1272294.0
16494.0
681522.0
11328.0
11416476.0
1912383.0
3240.0
774276.0
1042968.0
6758760.0
37641.0
2874360.0
2198994.0
22287952.0
9057339.0
3246780.0
148122.0
1060350.0
82824.0
376554.0
96798900.0
46184984.0
10512306.0
4704030.0
1359846.0
3060252.0
422802.0
25341.0
414.0
705168.0
7914414.0
775212.0
17337.0
31508860.0
44740484.0
5757774.0
193604580.0
46734876.0
456480.0
6069906.0
177072580.0
664662.0
6067053.0
6048.0
7183842.0
42209040.0
2304.0
258.0
3158070.0
78339384.0
737679.0
65949210.0
117174.0
47937.0
864.0
374358.0
65214.0
34484190.0
102.0
3295656.0
85906080.0
28187742.0
261624.0
1161.0
29574.0
1777419.0
3204849.0
10788528.0
60278030.0
1258920.0
20870568.0
1415628.0
6048.0
11696538.0
35461680.0
621432.0
20411652.0
7244352.0
60733784.0
9915201.0
303159.0
78259720.0
119571.0
32028.0
133788.0
68614610.0
116067.0
3708822.0
146034.0
26676318.0
35333530.0
1836480.0
83676.0
504504.0
88848.0
18889908.0
1114167.0
16632.0
23413458.0
26691930.0
3502146.0
175649630.0
52638864.0
4680.0
6112176.0
5139.0
50454944.0
4656.0
23999820.0
679839.0
719694.0
320550.0
166884.0
98322.0
1944.0
640584.0
29155004.0
1200642.0
1342197.0
591015.0
1188954.0
855384.0
105451130.0
59229.0
13913826.0
130145570.0
14211936.0
114.0
852.0
337137.0
40947.0
66480.0
15770061.0
36206570.0
301482.0
58958496.0
90217464.0
4641606.0
576.0
1584.0
322542.0
566574.0
7509.0
298458.0
101643490.0
35747096.0
4623336.0
8352300.0
52379532.0
35421.0
6014844.0
13033092.0
7305000.0
268800.0
2398737.0
1058625.0
633.0
1091730.0
6562176.0
33680230.0
3929142.0
7016022.0
1188.0
92105480.0
254913.0
67272.0
63740184.0
945036.0
55176.0
3446973.0
25789812.0
198775920.0
94807810.0
66732.0
46234308.0
85638.0
179688.0
22680.0
5793.0
64710.0
54699.0
9519.0
26424872.0
79277300.0
1296.0
9394980.0
1032.0
2848422.0
586860.0
665682.0
5630355.0
2202.0
22853850.0
34235350.0
36.0
120.0
3960.0
1701.0
50597130.0
4054374.0
136366020.0
7467006.0
1623984.0
14953020.0
71622.0
43182240.0
38208.0
1405068.0
1549719.0
480.0
234108.0
166620.0
4401636.0
28229934.0
27433864.0
39207.0
163008.0
46256160.0
13263996.0
3361008.0
83463.0
948.0
10233.0
12222780.0
37350.0
156768.0
180564.0
10419474.0
39391036.0
1978950.0
513066.0
19789092.0
9144.0
29046960.0
53110450.0
54108.0
61671.0
71778.0
35502.0
1096860.0
150.0
36117.0
22884330.0
23641640.0
7231953.0
18168.0
133818.0
1404.0
15222.0
46407.0
2296992.0
838494.0
70398.0
6252.0
29025732.0
1620.0
25944856.0
68088.0
28204732.0
108.0
7326972.0
13554300.0
1908816.0
5211012.0
13140.0
32649.0
32116592.0
648.0
780.0
761331.0
3738.0
6275124.0
161597150.0
1623771.0
1148958.0
38688.0
29780980.0
75321210.0
55068.0
65163916.0
49158400.0
15860970.0
2004792.0
672.0
93216.0
1722612.0
33267084.0
2213925.0
10272.0
1937622.0
24576.0
108000160.0
2949990.0
113754.0
10653192.0
568014.0
7672992.0
38034370.0
24183168.0
144483.0
126.0
51545656.0
769482.0
11232.0
4410.0
121136890.0
504.0
19087578.0
12696.0
4240320.0
10686.0
1420686.0
38653572.0
1050012.0
710706.0
3618984.0
613152.0
77734030.0
3347448.0
60828.0
3840.0
208968.0
38700.0
9000.0
446058.0
3474.0
70806.0
71442.0
2247882.0
760779.0
128782290.0
1176.0
4053084.0
4675266.0
114126.0
1115556.0
125988800.0
97990050.0
1681635.0
73240660.0
263094.0
331308.0
18195804.0
41337.0
188602530.0
21096798.0
94068.0
203556.0
1083258.0
36629080.0
47688.0
5199252.0
425508.0
3171636.0
51344510.0
10236.0
9547746.0
12220902.0
174036.0
899904.0
7302.0
84896690.0
237312.0
7063080.0
1199820.0
960.0
47309590.0
60239984.0
122012880.0
122697.0
142634420.0
247233.0
6492.0
33979240.0
33400008.0
37069760.0
31215810.0
43386536.0
30090.0
34980.0
16642860.0
6.0
8520.0
1421430.0
51653550.0
1920.0
480.0
532950.0
106877270.0
4070889.0
918600.0
511167.0
203202.0
4479.0
54582.0
3254370.0
16809784.0
858270.0
31131244.0
62565.0
10032.0
4023756.0
37392.0
7201956.0
17463.0
381282.0
465.0
394809.0
5261868.0
832152.0
20228384.0
75816660.0
72420.0
41892656.0
14071848.0
820677.0
50574.0
144930.0
1017582.0
546906.0
3472374.0
367728.0
92875530.0
101310.0
98214.0
219552.0
42196090.0
28636768.0
1920.0
972.0
1019502.0
20679.0
11975610.0
6858.0
10175961.0
3907854.0
1326.0
639816.0
64401.0
7589055.0
165.0
4850106.0
75327470.0
31776.0
1441980.0
2187.0
445239.0
2188416.0
10500027.0
184224.0
76128584.0
1260.0
48288.0
22728690.0
3052590.0
924312.0
37950.0
12981171.0
118968.0
15524112.0
20676700.0
14652408.0
34543240.0
2259.0
86249320.0
48000380.0
2487.0
2219994.0
86820.0
4405680.0
9833004.0
619815.0
3901413.0
132.0
1106781.0
576.0
502422.0
60014996.0
258624.0
33586844.0
11064.0
27640740.0
3607116.0
78279.0
90933.0
24.0
3555.0
7459104.0
84195.0
73566.0
15220476.0
34302.0
34092696.0
1158354.0
77094.0
792204.0
8341932.0
121032870.0
3960.0
240.0
103726430.0
43598484.0
2480196.0
216498.0
30597774.0
2494026.0
6706362.0
1243800.0
1325484.0
36375.0
67272830.0
114196670.0
19102320.0
17790960.0
163314.0
8055708.0
44230296.0
1724394.0
159.0
615804.0
22236.0
13772313.0
13277964.0
55046010.0
496851.0
241549600.0
61860.0
62799.0
39252.0
66930.0
50057412.0
12041538.0
21847674.0
33383322.0
18.0
130701310.0
7134267.0
10557276.0
351654.0
4207776.0
3821220.0
1914.0
16319973.0
58416744.0
46632.0
24330.0
379644.0
18437892.0
876510.0
39378.0
36.0
15291.0
2229378.0
11961666.0
179392690.0
46752.0
1236.0
14652.0
975498.0
41427204.0
784644.0
2302800.0
3444.0
409728.0
57216.0
1508151.0
9135.0
356421.0
98061.0
2159091.0
8316546.0
417.0
44166184.0
85458.0
13469655.0
1513161.0
400722.0
15620613.0
2388933.0
31749336.0
637920.0
28989408.0
9928101.0
1514802.0
143604.0
732438.0
17546910.0
4713978.0
1539.0
222425780.0
6975666.0
66528.0
1847400.0
121264170.0
3060.0
974295.0
140142.0
3494964.0
195.0
19122.0
23252076.0
24.0
113526.0
216246.0
25111532.0
42045.0
6293442.0
57677456.0
11088.0
5178.0
92446056.0
62094.0
696.0
5623527.0
24.0
4742208.0
794262.0
363012.0
67965.0
349590.0
7953432.0
796875.0
11533269.0
5380458.0
5769216.0
30644100.0
80028.0
5597664.0
29529000.0
530256.0
118867940.0
2619.0
3162567.0
47927436.0
2562.0
1679670.0
129978.0
184790850.0
4694643.0
19928838.0
10374804.0
32640.0
114726.0
1211574.0
682848.0
37936108.0
122067.0
9405.0
18026598.0
2148144.0
22878504.0
343380.0
26906586.0
15681015.0
5723448.0
103205970.0
1755.0
14547.0
263145.0
31791.0
12.0
24667152.0
881052.0
11174766.0
7017138.0
22871484.0
3564.0
412782.0
954402.0
2783550.0
65699332.0
11706378.0
1598526.0
49387108.0
70318780.0
6913944.0
7344.0
1475424.0
19693068.0
4545864.0
2280.0
494592.0
39503696.0
273168.0
13822764.0
331164.0
795228.0
128202.0
12300354.0
506016.0
1572108.0
3776523.0
21084.0
60166144.0
716730.0
19080054.0
10616586.0
163788.0
4356.0
2481702.0
2426274.0
56820.0
17758782.0
638496.0
109809720.0
43734976.0
2776953.0
3161277.0
116180320.0
1591344.0
83670.0
122080940.0
13359324.0
321600.0
522636.0
64794484.0
89355.0
1090902.0
1308.0
19023810.0
143172690.0
8468532.0
103985864.0
2818200.0
2692449.0
87952450.0
14484.0
4222062.0
9531840.0
20184.0
273.0
35403800.0
3182856.0
57212650.0
14884968.0
43676336.0
864.0
269676.0
11521161.0
3140472.0
7255950.0
129240.0
114.0
6008316.0
95472.0
61050.0
43099684.0
416109.0
25092188.0
44771980.0
41025.0
9866565.0
157778000.0
227604.0
3933420.0
18768.0
642252.0
89862.0
1140531.0
14459388.0
41898.0
912.0
28760808.0
126077100.0
9514860.0
4035504.0
24.0
1344.0
1005807.0
12210.0
74722790.0
690936.0
44402856.0
216.0
96709650.0
1058316.0
552.0
77679490.0
108.0
5506239.0
22533.0
486.0
10406517.0
11392695.0
55566.0
9216.0
54818064.0
911286.0
32993154.0
9492552.0
5280.0
2520.0
268464.0
7339368.0
65086116.0
13944.0
28497078.0
181330030.0
10304376.0
137583.0
13967328.0
83590690.0
10768026.0
716814.0
1064328.0
14576850.0
65535.0
13641012.0
103390960.0
358632.0
51096210.0
6408750.0
1899795.0
72426290.0
4752.0
28753012.0
51987504.0
2469774.0
11594355.0
176484.0
37188.0
10076787.0
13587.0
22788.0
84.0
903585.0
28465608.0
4992.0
2470746.0
155829.0
179376220.0
15276.0
31392188.0
700227.0
25938.0
3341244.0
3651024.0
162.0
3504606.0
20789832.0
50412172.0
295530.0
172077950.0
35645056.0
1102587.0
12921324.0
16751814.0
664830.0
22065.0
138402.0
566868.0
138253000.0
17793080.0
105752110.0
89166290.0
94098350.0
294.0
459975.0
7728.0
60555.0
617535.0
7263060.0
11989500.0
27498186.0
53538.0
21855.0
31680.0
18666216.0
6383730.0
7461099.0
194169580.0
35199.0
1321383.0
1113900.0
582.0
5990970.0
3480.0
100572.0
65184.0
13530240.0
10631163.0
3480.0
34270416.0
1313160.0
853668.0
8457516.0
70278.0
49478176.0
1604058.0
24990176.0
2462502.0
42210.0
1707711.0
57715136.0
30513114.0
51360.0
23678196.0
248874.0
4552638.0
750522.0
25440.0
33948610.0
25309856.0
45.0
81757736.0
20360116.0
13374.0
808986.0
23316.0
2479230.0
213279.0
6444.0
36.0
202317.0
8789058.0
400788.0
11597238.0
10747395.0
14943408.0
185472.0
162.0
1188.0
51588.0
13254510.0
98448290.0
26367222.0
404448.0
78906650.0
13038066.0
58729760.0
335226.0
35758284.0
8694156.0
3062412.0
35196450.0
1734.0
150985490.0
1506366.0
15488817.0
3024.0
6912924.0
2118336.0
2859.0
435.0
4499934.0
146183380.0
18816.0
250233.0
5053536.0
491838.0
1281.0
2582898.0
9111939.0
1565691.0
2376.0
30320910.0
1639353.0
3173688.0
134850600.0
2888064.0
274218.0
24480.0
2161128.0
13016796.0
45886530.0
1390368.0
17961.0
1066236.0
2526075.0
1096686.0
15176943.0
784320.0
745902.0
36341544.0
540.0
1299.0
2446146.0
866451.0
6420.0
7542.0
867888.0
237444.0
2475.0
108.0
1605354.0
138.0
164943.0
13392.0
1573023.0
138600400.0
21930.0
355824.0
83573150.0
1180131.0
276.0
3365742.0
2027340.0
46758800.0
1992.0
65774744.0
381894.0
32697.0
344616.0
12632805.0
3057504.0
133923340.0
5640.0
81192.0
300.0
10626534.0
1483236.0
2649888.0
8472.0
96666610.0
416484.0
5737386.0
14129844.0
625251.0
14762601.0
1921884.0
3259740.0
4170990.0
41010692.0
9042588.0
499089.0
339108.0
43776.0
6162372.0
54138.0
22470.0
2932278.0
131299190.0
308880.0
456168.0
3426.0
10847370.0
19440.0
10741692.0
2100390.0
165066.0
2496.0
2719488.0
12.0
46488.0
122698424.0
21436830.0
574101.0
1179291.0
2048526.0
1839.0
24182356.0
246693.0
7404.0
4032.0
644256.0
2056938.0
33349320.0
2439.0
40776.0
711252.0
28860.0
55569350.0
58374130.0
38250.0
113982.0
1691235.0
33437022.0
269250.0
16500.0
149486140.0
3714984.0
78285.0
1026.0
492270.0
68769976.0
25371588.0
361578.0
331989.0
307050.0
11258226.0
9900.0
6468876.0
10866.0
8987184.0
66813.0
21298048.0
54234.0
3052602.0
148164.0
1400850.0
562761.0
51750.0
143551840.0
3822.0
30020940.0
4176.0
6336.0
4833.0
866928.0
1349034.0
6938835.0
55669228.0
1648860.0
57066250.0
633585.0
14019702.0
516.0
2676.0
57947490.0
2976.0
12222.0
1844703.0
23433924.0
15.0
1015974.0
4845.0
2268.0
36.0
443796.0
2106990.0
43081016.0
1092738.0
111735470.0
2892021.0
923748.0
5472.0
1415223.0
20314122.0
373650.0
43692.0
123587550.0
1673388.0
102702430.0
186804.0
446847.0
40303856.0
9063675.0
8786562.0
123360.0
9375642.0
1266480.0
3344187.0
670587.0
13354074.0
32840730.0
15507804.0
1874670.0
69191210.0
45008250.0
1491.0
368532.0
2321772.0
82656.0
412488.0
73975230.0
38352.0
7460532.0
21120.0
5280.0
343200.0
79359.0
842490.0
14295.0
28868288.0
141960.0
11583324.0
96666830.0
280098.0
14234289.0
3754020.0
41096188.0
4584.0
13207221.0
7389060.0
65535576.0
95395784.0
6347406.0
11607.0
77844.0
13069926.0
48080704.0
76068.0
305214.0
84858.0
1400061.0
16189194.0
41697.0
171.0
6504.0
16432956.0
5302767.0
303.0
74202584.0
9432348.0
203484.0
2403039.0
3207663.0
57597.0
2385810.0
44582970.0
624.0
3535626.0
40062.0
16598307.0
224262.0
10996902.0
21927462.0
81699.0
2930286.0
19894320.0
68856.0
23885616.0
1473585.0
140652.0
4421718.0
1402149.0
2467128.0
31845204.0
21936636.0
14904.0
64539776.0
32550.0
52704.0
1835403.0
20643.0
33670830.0
16546383.0
79953.0
10765332.0
97581.0
13089.0
30827526.0
446325.0
63282896.0
5537022.0
138360.0
1195704.0
147561.0
207096.0
5170158.0
404424.0
4002.0
4063410.0
97584180.0
12139620.0
11472.0
9278133.0
747648.0
40135760.0
77616.0
2054694.0
35972436.0
32649748.0
24422670.0
122058.0
150744.0
59274.0
487179.0
132840020.0
3730146.0
19956408.0
7768146.0
7488.0
3618.0
44441972.0
1260.0
80148.0
225276.0
16400967.0
8346240.0
549912.0
4920732.0
2746731.0
4463739.0
3497958.0
82152.0
58645444.0
17722800.0
53113440.0
282624.0
238464.0
2970.0
96991280.0
139812.0
753774.0
444150.0
77268.0
3326100.0
39961880.0
11674566.0
167862.0
1239.0
16071009.0
6180.0
378996.0
89724.0
545298.0
104064.0
312.0
12090516.0
4273524.0
177786.0
49103576.0
703500.0
527778.0
81700200.0
1761108.0
529416.0
15741438.0
1368960.0
1180230.0
27734946.0
2625051.0
260232.0
2964.0
4320.0
50073390.0
6602760.0
180.0
68743040.0
224775.0
225233650.0
4014.0
228255.0
844767.0
40883010.0
1284708.0
25847070.0
65520.0
8340.0
3329859.0
258852.0
25330446.0
1166592.0
112074420.0
620136.0
6972696.0
396.0
19104.0
520752.0
643401.0
482913.0
126540.0
27603.0
19602.0
28776.0
15026796.0
430251.0
6912.0
152092270.0
9538926.0
287244.0
43179830.0
3061152.0
9327906.0
40657430.0
27564300.0
4677066.0
1983540.0
33673020.0
1996296.0
22951638.0
954288.0
24329004.0
31520884.0
12424590.0
56448.0
4108434.0
4464.0
822774.0
172852640.0
159462.0
2044434.0
9.0
165709460.0
2265858.0
46893.0
6725298.0
5769540.0
16534050.0
58015500.0
30421472.0
304848.0
522771.0
49725.0
212344740.0
49519296.0
387.0
4168734.0
8572929.0
181554.0
7158.0
561948.0
47738870.0
2526.0
102.0
8215278.0
1005174.0
16644.0
7334724.0
15171.0
417381.0
7685442.0
140437220.0
5303283.0
978453.0
444.0
90941540.0
180.0
413196.0
5730.0
421260.0
57339430.0
24873.0
17361.0
956196.0
886788.0
28536.0
10658490.0
81309840.0
56022216.0
169814000.0
327930.0
4897887.0
562452.0
7467810.0
148995.0
20316.0
143280.0
94898450.0
7347.0
1002624.0
212811.0
57252.0
1304904.0
373416.0
1224.0
1889874.0
2775.0
96858.0
244818.0
10419.0
74586296.0
92249770.0
67536.0
2394498.0
38198780.0
13170.0
26319402.0
1782780.0
4094424.0
118219050.0
154430820.0
367872.0
389280.0
374706.0
4372479.0
425616.0
68024770.0
92982.0
29644440.0
5955.0
306246.0
33878890.0
1332.0
108580590.0
66.0
106123656.0
1133145.0
160428.0
16428.0
270381.0
2726526.0
27271986.0
9541932.0
86276080.0
62380360.0
1728648.0
9735246.0
1420302.0
14953608.0
2799.0
149460.0
3088272.0
21819.0
37018840.0
31850664.0
5683545.0
38561160.0
148221.0
13942224.0
1494.0
199248.0
4118040.0
816.0
103035410.0
16380.0
76263.0
118017.0
2163996.0
168888.0
5253012.0
160548.0
241296.0
1440.0
138370340.0
438426.0
5520.0
90978420.0
14362218.0
2206629.0
7722762.0
4648551.0
263814.0
11466.0
174252.0
42947590.0
935868.0
2443224.0
3418974.0
7914.0
6048.0
12595026.0
628362.0
5990694.0
1666992.0
3271458.0
16334868.0
933960.0
565818.0
4543578.0
32965014.0
105735260.0
429894.0
44575956.0
80304.0
23412920.0
172638.0
81011080.0
5664555.0
3589932.0
126692110.0
28406460.0
1635768.0
8448.0
13079556.0
42468.0
543.0
4509036.0
47364.0
48.0
44958.0
90.0
491331.0
153.0
34169476.0
168.0
32499108.0
15256806.0
20329908.0
59040984.0
374058.0
20865420.0
17166.0
1800486.0
495954.0
928293.0
2725374.0
78458980.0
4622793.0
14431890.0
394389.0
173970.0
181299.0
1219374.0
1055832.0
1067145.0
135249380.0
2124318.0
46499940.0
188718.0
80790.0
76476.0
16912050.0
897.0
186.0
1002015.0
21771.0
203592.0
1840566.0
336.0
10850691.0
34742344.0
239166.0
9697434.0
77919096.0
3517545.0
30485552.0
163849120.0
28024290.0
3816684.0
11730.0
71415.0
4704801.0
456.0
310284.0
106080.0
15243336.0
32796366.0
1274796.0
1400403.0
25729440.0
2098065.0
42222944.0
7168404.0
2118.0
14142.0
1812.0
574668.0
13656.0
54310260.0
5534055.0
34668.0
34920.0
24767832.0
24912.0
12180.0
196551.0
314964.0
307167.0
79902.0
4041.0
40397316.0
86175930.0
2090148.0
184266.0
105687740.0
1026.0
89016.0
7666686.0
521136.0
80867860.0
12595080.0
34875896.0
634602.0
22545.0
216.0
2081478.0
262254.0
2108133.0
7792140.0
1152.0
8655.0
285120.0
130260.0
1440.0
126255840.0
2066433.0
16020.0
719202.0
10548027.0
43762420.0
2762208.0
4863.0
5280.0
63304904.0
31566.0
10822647.0
7146.0
57.0
649884.0
1577298.0
802398.0
5895.0
3082881.0
3.0
4007562.0
3982572.0
5385.0
24648.0
4244220.0
24615.0
6828.0
4654956.0
33724800.0
5375058.0
264.0
6.0
174267.0
86673.0
11405508.0
61583484.0
12979404.0
18729006.0
2178963.0
41580.0
61944840.0
30658908.0
34266.0
10757196.0
32973412.0
539604.0
137667.0
6003693.0
457518.0
808866.0
37596570.0
180156.0
1237986.0
24572568.0
1064661.0
10680.0
30612.0
52404.0
5259168.0
171918.0
547440.0
624207.0
527760.0
1869048.0
309120.0
65411284.0
2664.0
8101662.0
681120.0
142200.0
609504.0
491676.0
1190682.0
7173.0
95354030.0
9134628.0
8832.0
8460954.0
14641707.0
11376.0
6709071.0
58680664.0
99528.0
8681286.0
78036.0
13908354.0
20127.0
41580.0
94077320.0
5295456.0
9372126.0
224952.0
15332136.0
125391680.0
1250940.0
6748458.0
51315.0
61356.0
70545.0
24060.0
388818.0
409476.0
11291844.0
21166656.0
113161510.0
1180425.0
88980104.0
104394670.0
1191585.0
30312858.0
3834678.0
12.0
738882.0
12244506.0
105762776.0
49788.0
1586160.0
78853544.0
516.0
396000.0
79458.0
7296.0
209214.0
13412919.0
178026.0
1476798.0
3173130.0
137304.0
29157348.0
8323692.0
23390448.0
111671630.0
2014692.0
2798931.0
90.0
27046580.0
59496.0
192944860.0
6450423.0
6319053.0
18655086.0
19938.0
507972.0
16231782.0
1489140.0
13180080.0
50396630.0
8591259.0
427878.0
11922519.0
439254.0
20173398.0
603000.0
3519183.0
496416.0
68036860.0
12192.0
9535164.0
1014240.0
25609020.0
56036256.0
334920.0
4467075.0
14242320.0
21699558.0
7305378.0
33696.0
6240.0
255.0
10581906.0
690981.0
148794.0
4889394.0
99651420.0
232530.0
221832.0
127134.0
46666616.0
30384.0
1670076.0
167763.0
71031.0
3449448.0
1433979.0
90109780.0
9852.0
6332520.0
1455192.0
27988698.0
2067837.0
188685.0
1331481.0
560202.0
1981596.0
1541298.0
6195876.0
3955212.0
19532284.0
12480042.0
5665986.0
16104405.0
95184040.0
44122230.0
993756.0
20616222.0
2427258.0
638586.0
7177530.0
110479000.0
64943620.0
2580696.0
51466920.0
270255.0
2387232.0
10132686.0
158118.0
1688274.0
1716.0
6175146.0
758274.0
25144314.0
45840.0
5281947.0
11818245.0
82551870.0
7986045.0
187896.0
19224.0
5320749.0
51618.0
26647350.0
2382570.0
24630270.0
3743268.0
1202247.0
35068564.0
5660220.0
174.0
65682950.0
91070750.0
113192510.0
4536.0
25624440.0
20589492.0
2910.0
232416.0
17110472.0
59397650.0
56772.0
119475.0
48.0
70602.0
1960767.0
45641092.0
30112674.0
2936562.0
151854.0
36.0
2691564.0
1683990.0
47498724.0
1644852.0
82142310.0
248898.0
61649916.0
1507215.0
29038748.0
324057.0
186536210.0
105504.0
43176.0
954.0
8614020.0
9491244.0
87831.0
16596.0
673761.0
6242388.0
5313621.0
1033392.0
5419956.0
62814776.0
116711120.0
906216.0
353064.0
4971948.0
1889082.0
32382.0
26295.0
16429641.0
1175064.0
202182.0
576.0
74005860.0
1591290.0
47670.0
95521970.0
10836.0
19270564.0
11150442.0
695904.0
3618.0
3973380.0
24.0
7871580.0
3822.0
26739.0
6013284.0
151500.0
757344.0
34179640.0
51568444.0
814938.0
153045260.0
8609670.0
10324758.0
1330560.0
44018984.0
5402598.0
18349884.0
1764.0
67660320.0
10953420.0
795.0
30957.0
7422.0
131001830.0
444372.0
5682189.0
294996.0
3736212.0
27945660.0
2708832.0
840.0
80399780.0
22616946.0
151296.0
5574.0
31311876.0
88980.0
5133711.0
20700.0
36779840.0
2696052.0
1293204.0
20362908.0
86311180.0
513948.0
21142632.0
313860.0
395232.0
110552040.0
44064.0
90216.0
60.0
4083.0
3267.0
113559.0
34983.0
50838.0
27889344.0
16206.0
1302288.0
1321479.0
34350.0
58146200.0
126126410.0
47542644.0
6600.0
9792.0
168.0
5108478.0
11217342.0
15840.0
16932948.0
2278122.0
3741801.0
70824.0
43162904.0
69798.0
72.0
74543450.0
101388.0
383832.0
192.0
5820462.0
31839192.0
5157564.0
213720.0
702.0
27186.0
78298760.0
12835620.0
120.0
34788.0
389163.0
541248.0
10469844.0
371862.0
226860.0
35330784.0
8118195.0
453507.0
24.0
49761.0
42186.0
2376.0
19373196.0
2086329.0
787782.0
37110476.0
6332346.0
527664.0
7898640.0
17277138.0
69220776.0
1065561.0
158808.0
10138242.0
21744.0
2536974.0
41071330.0
562326.0
2559585.0
10166106.0
6309735.0
346866.0
23118.0
7596.0
130992.0
10560.0
15182007.0
94187460.0
4506.0
255633.0
824895.0
18487944.0
407502.0
3099570.0
26667536.0
1356636.0
1794372.0
118713110.0
12822.0
2313.0
97017180.0
1790328.0
3180.0
1116102.0
57877310.0
17519652.0
19362772.0
3908346.0
3168.0
11574.0
3309417.0
12379983.0
3208839.0
121611540.0
179588960.0
89277.0
26021232.0
384480.0
632736.0
6852.0
23211.0
24131724.0
12687.0
404238.0
24.0
2574.0
10180320.0
10488336.0
9872616.0
6491124.0
90207.0
1522026.0
105540.0
12.0
41615216.0
777708.0
69048.0
13608.0
330396.0
6264690.0
24819368.0
1447209.0
10503.0
339489.0
125717940.0
1348536.0
468.0
2268.0
2528250.0
4322988.0
237564.0
45744.0
7679298.0
180072.0
9356712.0
3948996.0
22280082.0
1305450.0
2224902.0
45006210.0
4324530.0
19090656.0
49915484.0
1735527.0
764370.0
29880.0
103847120.0
136031470.0
58824064.0
94113.0
1435689.0
89832.0
67853240.0
22602.0
47695788.0
368052.0
879120.0
3445263.0
6149982.0
1614.0
69219720.0
7008.0
11988.0
754560.0
11554836.0
132.0
13590.0
543894.0
378249.0
45970020.0
22290870.0
617406.0
460170.0
807216.0
218862030.0
2177019.0
564.0
246234.0
369891.0
1243020.0
77104040.0
1761840.0
1952772.0
11168466.0
66867350.0
8424.0
117495.0
2779728.0
19970262.0
101334500.0
3869922.0
29484690.0
176856.0
164610.0
42789344.0
155875860.0
97059.0
61281.0
118597270.0
577830.0
62721.0
133848.0
3076626.0
1194756.0
1841616.0
174480.0
32369040.0
44379224.0
17184272.0
135057.0
25866.0
6949764.0
116784.0
122886.0
27082350.0
46096764.0
166484910.0
4338714.0
247557.0
1875168.0
838710.0
17687016.0
7116738.0
152604540.0
155674700.0
5475369.0
81386940.0
452640.0
9252.0
34128.0
12187380.0
61269.0
110262.0
36.0
19430520.0
1638.0
568722.0
966360.0
414657.0
35787120.0
23513598.0
203982.0
25890.0
27.0
121848.0
7780290.0
5882346.0
1772052.0
252576.0
9739566.0
6274269.0
11730768.0
1159353.0
26436.0
44803956.0
8537676.0
9586068.0
59298.0
24654.0
495.0
13209384.0
80841790.0
998820.0
328161.0
42383990.0
24801092.0
158628.0
12687549.0
432.0
312.0
5736.0
7876188.0
8366388.0
1194.0
5823402.0
469800.0
26601120.0
82194500.0
148749330.0
163199950.0
25950.0
578454.0
737649.0
449943.0
530064.0
199887.0
231134600.0
304809.0
30206232.0
168981.0
12026025.0
14851929.0
10131.0
2865846.0
138345310.0
232510290.0
49775536.0
2051934.0
19143912.0
41649080.0
218340.0
12839640.0
933612.0
17118.0
191214.0
3068331.0
230019.0
126729.0
61458.0
48317430.0
367014.0
258.0
57767460.0
26086984.0
3141951.0
748107.0
404868.0
1674.0
6446514.0
90.0
2208738.0
1596.0
348192.0
2418612.0
24.0
2266722.0
284544.0
163469470.0
5444910.0
297774.0
1010880.0
6176313.0
155196.0
1652085.0
96.0
6.0
8155530.0
9930714.0
371196.0
776274.0
89094.0
432.0
1020.0
25860.0
89184216.0
4477245.0
1458810.0
4001478.0
15660.0
55053796.0
622575.0
47877036.0
1319670.0
3198.0
64360570.0
1452678.0
467244.0
26976888.0
1094874.0
60979564.0
7170.0
209424.0
87.0
9020880.0
144.0
33614748.0
119784.0
217812.0
156830770.0
213114.0
41588136.0
1293762.0
24039780.0
53229892.0
71405020.0
82461.0
2319.0
9515223.0
246.0
8699772.0
136115400.0
25159614.0
1721976.0
24048.0
6543018.0
287676.0
343326.0
72412600.0
1956078.0
4839054.0
296238.0
589668.0
3321918.0
55749370.0
20594268.0
230862.0
668958.0
14874.0
713610.0
108.0
4375053.0
1093404.0
2248464.0
17835.0
839151.0
6.0
117965310.0
753.0
14592.0
2398971.0
137823.0
10722180.0
3929190.0
33104048.0
107415.0
4142859.0
17214.0
29733816.0
840636.0
111744.0
648612.0
432.0
103044.0
17810684.0
79853520.0
76246270.0
6605652.0
1941696.0
8134011.0
31629088.0
1293948.0
21768840.0
189003.0
36070452.0
53464570.0
31898140.0
64493056.0
4448580.0
108.0
11736.0
14697.0
7674522.0
688398.0
23615580.0
123429.0
14783022.0
5895690.0
932709.0
8064.0
14359392.0
2622846.0
24999236.0
67364100.0
4867449.0
96.0
1122507.0
10048002.0
1507746.0
8070.0
481536.0
9555.0
29646.0
40068.0
4287.0
129600.0
35909560.0
3215628.0
1502382.0
37513120.0
452256.0
266367.0
11748.0
230736.0
6153.0
13533342.0
72.0
151784960.0
1131921.0
28900972.0
171018910.0
92019750.0
59345744.0
133764.0
73569.0
630390.0
43912590.0
241464.0
2872326.0
1088670.0
30001242.0
39102.0
36604908.0
992484.0
51201256.0
8496.0
118764.0
13152804.0
1536573.0
105016250.0
47283.0
100758.0
32808.0
1534776.0
17215772.0
5190270.0
65592836.0
851724.0
72608456.0
475200.0
159351.0
270.0
69813160.0
3432.0
457866.0
256668110.0
72513830.0
100840696.0
42848270.0
108198.0
1257192.0
13493826.0
218256.0
30409072.0
4213254.0
3087870.0
144.0
6547056.0
3783645.0
171579.0
38664.0
13824.0
300675.0
248832.0
17039262.0
20496.0
99162840.0
1568385.0
1153716.0
3679152.0
10276491.0
62682.0
6336.0
636492.0
2091948.0
3249600.0
62310004.0
3097512.0
90912120.0
1152462.0
3442038.0
41424.0
1153440.0
493857.0
30517188.0
30452932.0
43200.0
15346230.0
5155584.0
9524238.0
7480059.0
201246910.0
323406.0
1114170.0
337353.0
1248.0
30.0
15539412.0
2562.0
171.0
12.0
96889576.0
1808766.0
68538.0
5928243.0
59652996.0
7344.0
9068694.0
13330617.0
7940820.0
36138840.0
21240.0
1013796.0
1686.0
1068.0
17329544.0
47472.0
94671.0
30.0
7681860.0
126.0
1140066.0
161085.0
177.0
323970.0
81535420.0
4322457.0
25564686.0
5755458.0
51266040.0
152064.0
9345255.0
38688.0
2608848.0
580326.0
11149752.0
496356.0
370833.0
14664.0
1359258.0
85368.0
137604.0
7808160.0
12785097.0
1281288.0
87803010.0
11854056.0
833418.0
26479440.0
82101140.0
2367126.0
2145840.0
51076184.0
158976.0
27885732.0
50538.0
11318799.0
11869923.0
108.0
7086.0
561.0
1286190.0
8767419.0
17952.0
2032824.0
144082830.0
409866.0
4969863.0
1113756.0
301905.0
128127030.0
120.0
310947.0
338943.0
548988.0
73260560.0
2641224.0
12858702.0
134749440.0
36508510.0
5785008.0
17271816.0
119552050.0
144.0
4260354.0
2323908.0
65196.0
2883996.0
129.0
139878.0
14065188.0
27883900.0
591132.0
1293600.0
564.0
496764.0
29184.0
5192544.0
12011091.0
70940420.0
111363640.0
100290.0
1131582.0
9276.0
365808.0
93072.0
15010404.0
5232.0
4926672.0
689112.0
73992.0
443784.0
187176.0
1359132.0
67078684.0
221034.0
7862628.0
454476.0
173400.0
250272.0
7963815.0
8676090.0
1547796.0
49783540.0
65540850.0
75378.0
1080492.0
6843483.0
396.0
608364.0
9587355.0
144566960.0
127296.0
1040340.0
1686.0
36582420.0
727818.0
1074.0
42.0
142560.0
28909892.0
1692378.0
968001.0
38817836.0
14723967.0
31968.0
6504.0
96312.0
906027.0
69.0
2860269.0
97860.0
1224.0
3663.0
56958930.0
276.0
24693312.0
1326030.0
6792855.0
168379000.0
36174240.0
478155.0
1951374.0
1995468.0
14703270.0
891759.0
72185870.0
91353816.0
71940.0
137167460.0
381.0
465510.0
50884840.0
7425.0
32840190.0
43648412.0
256230.0
348.0
1503642.0
2028936.0
1589841.0
54951.0
74190.0
290484.0
2970.0
8940186.0
28140.0
11212260.0
2286660.0
1791546.0
48362876.0
7707210.0
6512010.0
348.0
82910696.0
32191242.0
21874932.0
40074544.0
41775492.0
949032.0
97938.0
4440.0
93267.0
264672.0
14050146.0
6315534.0
58659.0
1194693.0
16303566.0
979254.0
3485466.0
38065070.0
621750.0
37494.0
9576.0
1169808.0
33465192.0
1152.0
1514985.0
827232.0
4853493.0
52932.0
144.0
29541432.0
6147.0
4596288.0
88152.0
10322124.0
9734964.0
804.0
4218.0
323148.0
14688.0
133956.0
52235296.0
41758096.0
31215800.0
626334.0
15027507.0
192612.0
34933960.0
141654690.0
72131176.0
138258880.0
133812080.0
7218.0
432.0
114.0
132627680.0
105414.0
54.0
171468.0
53580936.0
1021719.0
176231740.0
14484.0
34304388.0
528.0
77541.0
152238.0
3965472.0
16260.0
306489.0
4924542.0
720.0
6318.0
14581872.0
82884220.0
23855532.0
9435168.0
3876.0
17857302.0
4140060.0
9973740.0
89706.0
8160.0
49392.0
120.0
399.0
287580.0
2515542.0
13794312.0
753588.0
28842792.0
14926986.0
54434350.0
31548378.0
43566.0
1210650.0
588309.0
15840.0
185283280.0
158106.0
68718.0
5279076.0
194028.0
31536.0
856584.0
2914560.0
680526.0
12.0
11043.0
58752.0
96485780.0
19807008.0
2668308.0
12126123.0
91068.0
117.0
608445.0
1368177.0
554490.0
835707.0
18948736.0
1368.0
231570.0
178806.0
76020610.0
4537899.0
100734.0
20106918.0
66534970.0
7889184.0
5532213.0
52632.0
129.0
76967160.0
113838.0
240.0
10972446.0
741.0
434466.0
1616646.0
111047260.0
2133132.0
430938.0
1146360.0
30.0
3082278.0
3556077.0
128886.0
541104.0
9222.0
6750876.0
15556734.0
3462.0
22166444.0
1528422.0
132.0
17046.0
11856006.0
51373680.0
217896.0
30327.0
900405.0
337218.0
8832.0
457440.0
5564265.0
84938780.0
221263980.0
4056585.0
5740146.0
3145014.0
235470.0
50082.0
10223766.0
158382.0
1212.0
20071156.0
14508.0
89391360.0
324.0
133126330.0
417738.0
32534784.0
25897164.0
186753250.0
54532850.0
32352.0
14569833.0
10466958.0
139887650.0
11639580.0
11097417.0
2812542.0
1061343.0
1695459.0
1323330.0
2696145.0
1232892.0
64812.0
2751.0
677829.0
321378.0
95239570.0
18350756.0
7131339.0
1020.0
208527.0
18307508.0
9295338.0
7044024.0
3471.0
8361063.0
16653966.0
6141372.0
594939.0
18832542.0
34656.0
135936.0
55183240.0
38973.0
1545.0
362886.0
787056.0
9931632.0
775386.0
255843.0
2534592.0
8787273.0
42720.0
427743.0
128994.0
12546.0
89526.0
63894.0
5760.0
1584654.0
7346961.0
85131.0
12794262.0
1183122.0
377394.0
66.0
24195258.0
44382.0
1982904.0
40189910.0
3423996.0
40902750.0
1131462.0
3182379.0
140520.0
480486.0
1365.0
35618684.0
3048804.0
70858100.0
3653013.0
59348668.0
26424.0
3964581.0
2976.0
68557900.0
54256116.0
2043.0
1384836.0
17149746.0
5431572.0
347742.0
2582724.0
160005.0
88569620.0
10110.0
1184004.0
5421276.0
793332.0
4746.0
66006340.0
2312772.0
4991439.0
33393024.0
11528556.0
14129913.0
43727344.0
156479310.0
312.0
2193864.0
3174.0
32020482.0
14320386.0
18575946.0
4788.0
39543.0
864.0
6947370.0
25965.0
1379802.0
11405238.0
504.0
6358482.0
13818.0
102852.0
513546.0
1005120.0
5957691.0
29679.0
396.0
8311764.0
123390744.0
2271570.0
5193.0
120663.0
39087096.0
2771340.0
2837238.0
5597697.0
336402.0
7179.0
1205514.0
9660.0
46740036.0
50752430.0
1152144.0
93206510.0
2754528.0
285390.0
59577536.0
9.0
11351445.0
24584480.0
4785.0
5017362.0
909606.0
733278.0
4111668.0
443127.0
2424.0
3353586.0
23306148.0
416142.0
23607540.0
51256110.0
772752.0
369033.0
138012.0
2071410.0
30.0
8324094.0
26868.0
39569310.0
1447887.0
6902442.0
20889.0
155086660.0
173806370.0
7313196.0
84122450.0
72407890.0
550080.0
7140.0
23778.0
34867330.0
138.0
8751636.0
450.0
145287360.0
59589.0
1704.0
194910.0
234.0
179331.0
96318.0
50589904.0
41340.0
24048.0
158814.0
130539.0
137080640.0
13944.0
54186292.0
27483.0
12720.0
104820.0
5920512.0
954.0
359883.0
1038.0
600.0
28618972.0
32599710.0
2910279.0
61722.0
2709.0
7874613.0
209138050.0
2743557.0
3077892.0
24.0
7799355.0
240.0
4943964.0
382509.0
141048700.0
2298.0
43524480.0
165694450.0
311604.0
67146.0
19995.0
61560.0
33646816.0
13032.0
83945390.0
192.0
19833304.0
133382000.0
26399838.0
733896.0
23550.0
1075023.0
98674350.0
651915.0
7350780.0
55536.0
1070928.0
101250.0
30588.0
7128.0
80738330.0
35053016.0
91357256.0
45729652.0
13283505.0
5578167.0
25403880.0
1560.0
36.0
6096.0
857910.0
2185002.0
1372146.0
5518380.0
169422.0
42239860.0
3183.0
908991.0
104412.0
335610.0
55333790.0
436770.0
21484188.0
7212279.0
1948170.0
252.0
86702970.0
66391040.0
24830508.0
972.0
1093848.0
42055024.0
2505.0
13921467.0
521616.0
93495070.0
24567486.0
88761.0
2694.0
22121916.0
8624304.0
67540400.0
17495688.0
1215408.0
1969434.0
3120.0
83425240.0
689211.0
14359044.0
14729550.0
147384.0
3911124.0
4971597.0
10080.0
28122.0
1314.0
12.0
347340.0
337890.0
53664690.0
292530.0
260262.0
1588041.0
9704310.0
274032.0
77568.0
487308.0
8970.0
54262480.0
69594.0
137329060.0
4787109.0
590202.0
62616.0
8316672.0
3476838.0
11754243.0
90.0
1032456.0
9672.0
11232.0
24362088.0
180249.0
14658.0
3100110.0
13836.0
10575918.0
74208860.0
30399864.0
14617386.0
247332.0
8285628.0
3630525.0
248058.0
508104.0
8893086.0
1479000.0
108336.0
243.0
7399824.0
278394.0
12725496.0
191124.0
302964.0
10538103.0
6407022.0
27351216.0
1374.0
23356584.0
4021524.0
333543.0
14615883.0
3650811.0
29399358.0
1298583.0
141593630.0
16680.0
38877836.0
778218.0
792.0
11112.0
4212.0
786666.0
1287.0
194703470.0
479718.0
695712.0
978.0
8247564.0
98121760.0
34059.0
483822.0
2264550.0
5425338.0
577668.0
2101059.0
42219.0
2520.0
23708592.0
24000.0
9837894.0
331218.0
80584860.0
513360.0
5968308.0
9727422.0
156.0
2968272.0
2118651.0
39234000.0
33294.0
552.0
252198.0
1237530.0
78729580.0
9178854.0
924834.0
27389476.0
29286990.0
163806.0
1824.0
33582468.0
141180.0
5514000.0
12000666.0
234213.0
348.0
6195192.0
402936.0
624.0
22128.0
48702.0
4113591.0
321.0
768540.0
278478.0
34683.0
9915417.0
64259910.0
90041430.0
91862220.0
69.0
3083412.0
85902.0
20860332.0
16515954.0
35627000.0
12785796.0
47335852.0
57540.0
503958.0
6865650.0
61732636.0
257226.0
407586.0
336.0
11090736.0
789.0
32093784.0
3155580.0
40870790.0
217296.0
16956.0
117624.0
8796966.0
28788.0
2128380.0
82236.0
836160.0
765873.0
26688.0
624396.0
110898.0
17460.0
72300.0
2651082.0
59589468.0
808473.0
1546416.0
96.0
12805872.0
51093480.0
94245460.0
9342876.0
3741.0
2167377.0
39180.0
38461556.0
89196.0
23757.0
1728.0
5564016.0
164973.0
182160.0
51581056.0
142482.0
2277336.0
54594.0
2276547.0
1314048.0
33436372.0
41287930.0
21141282.0
1429344.0
1728.0
955989.0
85806.0
20262084.0
21316776.0
312723.0
356097.0
5359521.0
210768.0
198.0
24280968.0
47529510.0
41745856.0
27732.0
69200530.0
436224.0
19272.0
7345164.0
1150458.0
66312.0
5496570.0
84.0
271896.0
1153944.0
50850.0
754116.0
384.0
30068868.0
25543008.0
340605.0
492.0
17078652.0
906318.0
106752370.0
1528947.0
9792.0
139924880.0
497325.0
42407676.0
3636.0
114.0
198.0
2808.0
5337.0
555.0
30476838.0
63.0
258513.0
8821206.0
80613600.0
7031760.0
480906.0
2729412.0
418341.0
58395650.0
82579750.0
321015.0
143661.0
16118352.0
6577806.0
60489.0
9549.0
97047.0
2850819.0
660.0
40645104.0
96807656.0
660.0
715674.0
9472119.0
2923452.0
134904.0
113733.0
373200.0
1486965.0
228789.0
73967280.0
492816.0
393090.0
27622256.0
3833208.0
1201236.0
319698.0
61035830.0
4359006.0
1059621.0
36210.0
1368.0
11016267.0
921732.0
3182244.0
7840134.0
595266.0
8792544.0
114.0
981.0
7514676.0
654627.0
456.0
18.0
56550.0
483840.0
147.0
72967940.0
1722.0
697638.0
65837220.0
36736668.0
10008996.0
110058.0
1631682.0
367833.0
10936749.0
163746020.0
92832.0
918759.0
876510.0
1387446.0
2678358.0
12.0
22451408.0
1807176.0
5040.0
78.0
12432.0
108354.0
48583468.0
50316.0
338697.0
787080.0
35369170.0
12931095.0
39036.0
104418.0
1304616.0
121782310.0
3740397.0
10021461.0
33139776.0
17994408.0
6253833.0
76200.0
5106720.0
356247.0
1520958.0
5074656.0
5137824.0
38379270.0
3193026.0
6044982.0
24423.0
45362170.0
25272.0
17958.0
2047404.0
39.0
7050.0
96541960.0
174528.0
15.0
9854913.0
175512.0
6600.0
2034729.0
1623.0
224502.0
74250.0
135.0
5811117.0
756.0
15.0
31192638.0
108882.0
290151.0
72294.0
2161908.0
2802630.0
487032.0
8522997.0
24230340.0
43260.0
28397736.0
7261668.0
473532.0
16472016.0
7091862.0
128421.0
702.0
3121272.0
13740.0
47379.0
7042488.0
19810804.0
1539204.0
113784.0
458382.0
3373224.0
1304946.0
55098.0
2934.0
69031790.0
60880880.0
370875.0
4230816.0
6058116.0
13280298.0
3870012.0
59013416.0
120456.0
2236875.0
597138.0
85786340.0
115595510.0
8307816.0
13584.0
30291252.0
14880.0
7924350.0
822777.0
80242424.0
2336352.0
39804.0
79070160.0
2059041.0
47880.0
44622.0
2738181.0
3504.0
19386.0
27941472.0
375336.0
3924651.0
6987720.0
51912130.0
4824.0
70834480.0
17666742.0
64495564.0
38280.0
20214180.0
1722180.0
1818.0
1761918.0
2808.0
770106.0
22189956.0
26526.0
7171917.0
24149400.0
16275714.0
6097299.0
58749710.0
4254669.0
430848.0
158808940.0
48.0
9954.0
88992.0
826683.0
12689316.0
116040.0
10712379.0
55392.0
1004829.0
174784100.0
20727.0
5399310.0
411282.0
2125800.0
14844.0
4761396.0
7831674.0
4320.0
12621.0
37561412.0
90897230.0
1788.0
534.0
151839.0
21037852.0
7772865.0
1504860.0
4497477.0
328218.0
158189000.0
13641.0
694800.0
76243490.0
5349.0
50883390.0
91710.0
6603930.0
17406496.0
30852.0
1315482.0
637941.0
2392116.0
33282.0
1171434.0
28572.0
59190920.0
21804.0
41705420.0
25119.0
6500610.0
676428.0
14180964.0
17569554.0
952980.0
553002.0
11921946.0
2032614.0
115288830.0
1143.0
7902.0
36828.0
381534.0
9312.0
210654.0
54977836.0
6513372.0
830490.0
37059.0
86088.0
389238.0
24182172.0
71427.0
37674.0
35820.0
42638730.0
38550864.0
642.0
61216760.0
345054.0
31441218.0
4494885.0
5862.0
126.0
6667179.0
4064172.0
1228776.0
6098832.0
27364280.0
35338304.0
59279936.0
348756.0
79846930.0
33908904.0
94371650.0
4113558.0
269901.0
19170594.0
112871260.0
269172.0
152304.0
25311.0
22889064.0
20165226.0
16378176.0
1263018.0
60.0
38359836.0
2589.0
461628.0
12317379.0
3010299.0
6978.0
3346599.0
82128.0
1834134.0
8959128.0
1302567.0
29668008.0
81564.0
642198.0
2033034.0
124292890.0
38271504.0
9697911.0
876039.0
600.0
2475915.0
48159.0
2069268.0
23641176.0
1322658.0
20603646.0
45335016.0
26700198.0
39996.0
225576.0
96193850.0
233159710.0
2447748.0
32367280.0
76503.0
6522.0
55079156.0
515985.0
648.0
24.0
30234.0
1260.0
4116525.0
130920.0
710976.0
1136388.0
24880524.0
5544.0
13547466.0
8244243.0
7208616.0
347172.0
9394272.0
9119328.0
29640.0
44172.0
1675932.0
254937.0
1712412.0
92621224.0
831156.0
38850.0
2390034.0
46111736.0
82167.0
71159550.0
379992.0
11728224.0
187207200.0
93011580.0
47058.0
12.0
65570120.0
162.0
15421302.0
98151.0
825954.0
878028.0
4606710.0
370.0
747846.0
30852.0
80895920.0
5697612.0
663762.0
291822.0
1101306.0
143573540.0
19445634.0
13770744.0
79104.0
6319794.0
77460.0
102262150.0
3098505.0
8278914.0
20631232.0
48627830.0
663414.0
4345950.0
15999.0
11400.0
5232384.0
43745960.0
1920.0
102.0
5370924.0
801246.0
79713460.0
172320.0
13284.0
370392.0
2016402.0
25542.0
1500.0
6894.0
160314.0
19764708.0
5045403.0
577368.0
15889944.0
1530144.0
107662360.0
4562274.0
657660.0
308310.0
3456.0
17927082.0
235491.0
151101.0
24195126.0
976596.0
3821022.0
1935.0
407808.0
21362094.0
13578378.0
2512974.0
100734.0
52352316.0
47596470.0
9513924.0
276.0
2080716.0
16335.0
15531.0
10368.0
426891.0
1328286.0
22842264.0
637752.0
7433283.0
36361400.0
15596448.0
774912.0
9576633.0
569151.0
53429508.0
13608036.0
3303510.0
11939556.0
26913784.0
8013477.0
33696.0
6698106.0
46545932.0
9276.0
66240.0
270324.0
25338996.0
429042.0
344430.0
1635822.0
15506943.0
1770.0
29181324.0
199653.0
17364208.0
13824.0
2118.0
24402.0
38343156.0
21756.0
54484784.0
1601910.0
60543.0
1373262.0
1444473.0
24914760.0
411006.0
174192080.0
4374870.0
10850775.0
3680664.0
69482760.0
645456.0
491985.0
5562426.0
6712764.0
3816.0
130866.0
35016.0
6664524.0
383694.0
6166530.0
10800.0
13359.0
16326528.0
408.0
267696.0
317802.0
51807.0
30141.0
4250394.0
5823525.0
13954734.0
92850.0
21011850.0
116233224.0
48558.0
260151.0
1344.0
60.0
12096.0
1084164.0
14892.0
145977.0
90498.0
6864.0
1434.0
1600632.0
9473064.0
43838840.0
162324.0
6252798.0
6571296.0
60.0
6264.0
17592.0
788052.0
16014.0
5280.0
145323.0
24265530.0
61248.0
527244.0
181380.0
31953.0
27314764.0
7886382.0
82200740.0
39.0
166809.0
98827650.0
177.0
312270.0
1217160.0
5983008.0
52497944.0
3878658.0
10362453.0
4393932.0
29863986.0
76662.0
22244364.0
2736.0
672.0
4960512.0
32178.0
52391536.0
641016.0
55026310.0
163446.0
369378.0
6499404.0
1490274.0
50434336.0
136350.0
98829060.0
3972.0
1273635.0
4428.0
37026.0
298197.0
130527860.0
7569708.0
905148.0
28295358.0
23382468.0
14805.0
119046.0
234.0
1099380.0
28532664.0
51504.0
66124090.0
2643804.0
1424292.0
3600.0
1536.0
1215072.0
86079.0
6173826.0
16754208.0
58650284.0
66617890.0
3668676.0
14400.0
16612992.0
120.0
164952.0
1713294.0
32953614.0
1836.0
39505920.0
355686.0
4307391.0
4145499.0
925392.0
18799636.0
4211220.0
783888.0
114.0
21842958.0
679875.0
2160.0
4444920.0
131926860.0
4811400.0
492.0
70200.0
261192.0
16634637.0
3710793.0
4752.0
1251312.0
1389468.0
30771.0
120.0
108792.0
17808.0
17907.0
152064.0
109314.0
192.0
232224.0
42232916.0
2125062.0
16848.0
41312210.0
866259.0
63483.0
2238912.0
60860464.0
564.0
5526.0
6073056.0
10752.0
10836.0
144.0
3222240.0
48.0
228.0
496800.0
5760.0
13791024.0
13248.0
1464426.0
162.0
2502378.0
3999366.0
160971.0
2400.0
5975874.0
129.0
408.0
9085512.0
4350024.0
19008604.0
8739999.0
119232.0
18657104.0
41544.0
1722.0
30645234.0
4959552.0
32808.0
3438948.0
1215.0
151644.0
810.0
2611188.0
43716.0
7610523.0
38785590.0
32340.0
55194.0
13190034.0
586098.0
7617411.0
3360.0
9190464.0
19324782.0
7937826.0
7920.0
1694220.0
7085160.0
15837.0
11676.0
3427200.0
11300562.0
11947206.0
7488.0
11353746.0
864.0
1131657.0
25236984.0
2975916.0
36238536.0
378.0
96.0
3419640.0
3216.0
9108.0
83686690.0
114750.0
58738492.0
1872.0
930.0
56448.0
35511.0
610554.0
66785800.0
2033910.0
1262052.0
60192.0
60.0
216.0
252588.0
467808.0
9432.0
454272.0
576.0
3613407.0
255.0
54384.0
678240.0
594063.0
5670078.0
34711416.0
3658464.0
37512.0
21591360.0
2250.0
37440.0
248610.0
644310.0
13056.0
10704633.0
168480.0
19302.0
9045012.0
266112.0
417498.0
2488860.0
4554135.0
92724.0
45540.0
9443472.0
6168.0
17019120.0
23760.0
12324.0
3804042.0
3952734.0
690225.0
762780.0
720.0
30.0
2929656.0
4458906.0
6963630.0
428640.0
7344.0
17763480.0
6228.0
7088895.0
69480.0
1427670.0
502542.0
317148.0
359157.0
2644488.0
14592429.0
66960.0
3384.0
6455616.0
38670.0
4081830.0
21736710.0
1353141.0
1881.0
181962.0
69499650.0
24948.0
14053380.0
442818.0
24762.0
3773952.0
33600.0
1734000.0
378042.0
19714374.0
720.0
13218.0
2179980.0
676704.0
8965356.0
4386048.0
748512.0
424014.0
175173.0
1571880.0
55680.0
48024.0
303480.0
126.0
192.0
265836.0
482112.0
8502432.0
1149120.0
16123008.0
1129572.0
288.0
432.0
13719.0
1746.0
24703756.0
33912.0
3913362.0
4119408.0
972.0
7100268.0
1532592.0
24875718.0
11391315.0
22657350.0
384.0
25946448.0
19578672.0
743559.0
19363088.0
3648090.0
12279240.0
16020.0
78864.0
127872.0
20640.0
649032.0
10194990.0
80640.0
415500.0
2110734.0
522540.0
34811130.0
390908740.0
138528.0
12879.0
867966.0
1114110.0
52092040.0
315117280.0
7908456.0
3354924.0
97711230.0
2096862.0
58418130.0
311746000.0
77049.0
2118576.0
5233398.0
92853.0
74542500.0
360990.0
301350.0
40317616.0
172652420.0
335280.0
714498.0
180.0
322549150.0
2400.0
81000.0
596790.0
93792.0
16536.0
333576.0
506218560.0
104031420.0
889905.0
92426930.0
9597690.0
91068.0
11545608.0
9768.0
1197.0
47578430.0
7120344.0
768672.0
5950080.0
43456576.0
62922310.0
102361730.0
3510750.0
67653660.0
2336499.0
1287.0
27369844.0
1425738.0
81156.0
46130988.0
864.0
24899178.0
38311640.0
10440.0
12573504.0
22462368.0
405600.0
59427492.0
505878.0
1831680.0
60070230.0
15772920.0
62109504.0
16357284.0
46056.0
474.0
37872.0
14130576.0
7805715.0
46368.0
122555790.0
50496.0
1752192.0
1451763.0
1914210.0
255882.0
35568.0
4156296.0
7323060.0
435976000.0
9720.0
13625748.0
638562.0
2231808.0
6.0
1105158.0
3234000.0
794268.0
29640.0
2975712.0
85295520.0
840.0
243.0
64998.0
42960920.0
42204.0
290304.0
39218630.0
1260.0
1429512.0
40893240.0
5184444.0
196134.0
4230.0
20892592.0
10766682.0
23592.0
8286978.0
29685474.0
23422844.0
25717722.0
28390992.0
5378928.0
157093150.0
3579650300.0
15888492.0
754837200.0
44545370.0
329229500.0
910275.0
45496092.0
324.0
674832.0
54382130.0
31069056.0
94289270.0
406297180.0
699642.0
12533760.0
5355972.0
14112111.0
21111762.0
3957066.0
14095914.0
151051140.0
295656.0
39501490.0
5025154600.0
390073500.0
688030400.0
30722016.0
2181888.0
47724.0
190763170.0
24034200.0
34200.0
24389982.0
360013150.0
84.0
1247606900.0
16643052.0
64915200.0
10777332.0
28121740.0
16809984.0
18766218.0
8100.0
69120.0
279312.0
1663683800.0
60441.0
249856340.0
16074.0
837850800.0
11368512.0
13776.0
41807504.0
22278216.0
90591576.0
11330379.0
18296124.0
7363839.0
216.0
192.0
722304.0
36.0
2813076.0
2592.0
6175512.0
6394080.0
193241440.0
343897200.0
88793440.0
44560464.0
150958860.0
2544.0
417839550.0
120038890.0
396.0
707514.0
22395732.0
1587108.0
120.0
229457900.0
9447156.0
138191740.0
223315230.0
172224.0
5417040.0
1008.0
3775098.0
36254410.0
48636.0
1080.0
27884562.0
36.0
45024030.0
243283020.0
42240.0
79921020.0
1224.0
3735216.0
247065.0
115584.0
236811.0
48873630.0
336960.0
10147632.0
849618.0
782931.0
9884631.0
153.0
150144.0
688578.0
583729540.0
37039404.0
45165.0
50400.0
80309930.0
7466958.0
354165500.0
782442.0
9867891.0
34146376.0
72000.0
13320.0
11934048.0
522168.0
17294276.0
238140.0
5667.0
13095261.0
663762.0
17828420.0
834204.0
86723760.0
7356636.0
24899572.0
17804680.0
27144.0
1200.0
38538550.0
266012100.0
12254706.0
362880.0
2160.0
91595544.0
32972598.0
259200.0
16593408.0
831.0
26839236.0
1065096.0
501157380.0
970236.0
36720.0
38494560.0
4157232.0
170946080.0
460158.0
2448.0
230991100.0
2692611.0
200607920.0
13977198.0
1734666.0
24740922.0
169067800.0
170840260.0
631326140.0
5774616.0
72804.0
1373100.0
5943600.0
490018700.0
121277624.0
4391877.0
6054972.0
3024.0
3456.0
2267436.0
22668.0
5888682.0
49611280.0
51116096.0
467598.0
56275188.0
13320.0
1986936.0
10173882.0
64126380.0
756.0
1044114.0
236490130.0
115546890.0
7113756.0
22074.0
16069914.0
256824.0
12582000.0
159.0
588892600.0
319476.0
22518860.0
732993.0
93312.0
50345330.0
12138354.0
5204451.0
9473838.0
11034822.0
1058616.0
9345915.0
8904.0
66.0
16606776.0
9732756.0
1040760.0
70014.0
23422464.0
168510.0
3502416.0
898992.0
60361308.0
96.0
1752192.0
21054822.0
31049892.0
173430460.0
3726414.0
2778498.0
220081890.0
151740.0
387072.0
967098.0
681984.0
90727340.0
167616.0
397800.0
47416990.0
1460052.0
756.0
27377004.0
26427796.0
120.0
286272.0
54747.0
2105082.0
154236.0
116948540.0
4675011.0
11986896.0
2128554.0
435456.0
22572.0
840.0
45581760.0
39308300.0
3167844.0
1490541.0
19197324.0
351234.0
2522772.0
515268.0
12138888.0
11804655.0
92501430.0
487176.0
41112880.0
998976.0
957672.0
726798.0
8549622.0
2592.0
14115.0
15612384.0
540144.0
187200.0
151057340.0
23548590.0
600.0
23520.0
194400.0
30415632.0
43213812.0
1893564.0
9185550.0
159840.0
1443624.0
5760.0
99097976.0
317856.0
78960600.0
11628.0
278724.0
25259336.0
49482.0
135048.0
72.0
1531200.0
34657068.0
26880.0
4387740.0
3212496.0
5127048.0
13641195.0
33292110.0
46800.0
613884.0
209550.0
353328.0
34548.0
10368.0
495936.0
51418590.0
417771.0
36.0
65207450.0
3709626.0
28329306.0
148649200.0
75033976.0
2465448.0
109308.0
4556142.0
16128828.0
124104.0
3846192.0
9679320.0
63207504.0
2475984.0
265414960.0
2570400.0
7234266.0
1309590.0
165888.0
949152.0
120228.0
456.0
468663.0
420606.0
40002960.0
96838440.0
37359110.0
97466296.0
29304692.0
300384.0
2252694.0
540.0
240.0
47064.0
58013056.0
242688.0
11699781.0
8040090.0
260348420.0
81708.0
715762240.0
10234944.0
3960132.0
4301700.0
82883260.0
6082618400.0
1980096.0
354814180.0
11026644.0
74784.0
14924064.0
2562156.0
9333589000.0
4769595.0
3811434.0
144.0
120.0
2852238600.0
303867140.0
39970776.0
53185732.0
120.0
162.0
3702291500.0
1313396600.0
22632.0
30699.0
86196.0
307567100.0
74220300.0
13961958.0
1534182.0
31924644.0
1916514.0
818496.0
158369900.0
550788.0
106725650.0
864.0
783720.0
264960.0
619564540.0
2418528.0
1164751200.0
18.0
16491012.0
552048.0
68268.0
25337490.0
20433076.0
2559312.0
7776984.0
117300.0
858399900.0
20500596.0
351794240.0
42768.0
408951.0
49490028.0
3924.0
169026510.0
80148.0
848637440.0
162052000.0
132.0
144386460.0
393432.0
36437892.0
36589120.0
951.0
41190636.0
178902530.0
162048.0
43789244.0
372.0
671736260.0
1071.0
1341000.0
216384.0
75519760.0
75988910.0
20427.0
788706.0
357750.0
11326848.0
6539409.0
10496226.0
39315650.0
69216.0
374131780.0
5487954.0
16409580.0
54528344.0
21859200.0
2429780200.0
71568.0
89382400.0
107124.0
23493888.0
14317056.0
1595064.0
134832.0
3986112.0
11108160.0
145806820.0
105556850.0
14400.0
68991860.0
574590140.0
50847252.0
265228780.0
2852736.0
4262688.0
222402480.0
2843220.0
6048.0
588.0
3110928.0
27320976.0
1830402400.0
534065700.0
2536659.0
54.0
11959707.0
156.0
9542952.0
3359970.0
5085804.0
3381504.0
121821570.0
74757096.0
234034820.0
428388.0
5772048.0
91182.0
6490179.0
9205056.0
24314904.0
133281180.0
90.0
20592.0
26373306.0
136333730.0
3100317.0
24872000.0
2572680.0
30048.0
52800.0
14712000.0
46794690.0
71923070.0
200722320.0
31328238.0
101500910.0
41175220.0
56725932.0
7200.0
226214720.0
221184.0
404676.0
752346.0
2144692700.0
136850600.0
1454112.0
51746690.0
6383940.0
51840.0
8208.0
1643370.0
1528578.0
106470.0
9384000.0
8837643.0
80508.0
261135.0
285957700.0
716638850.0
180.0
86400.0
6984.0
3004809.0
276696.0
6489192.0
1102032.0
245376.0
221367300.0
4989192.0
216.0
7020.0
700817200.0
39589336.0
434004480.0
318711940.0
7909275.0
3139380.0
275420200.0
13959789.0
29880.0
1522464.0
101784030.0
463197340.0
254184.0
15456.0
1844530600.0
22824.0
13576947.0
61394070.0
185468340.0
8736.0
2709504.0
1355712.0
978528.0
320208.0
40650588.0
12612.0
10799832.0
22781816.0
62595.0
248951900.0
180592420.0
27611880.0
490296.0
1571580.0
4524018.0
14716296.0
29500800.0
11465913.0
256984350.0
34974.0
5955504.0
7233120.0
1372884.0
3191574.0
129066344.0
44610.0
10940847.0
360.0
47044976.0
485999520.0
2520.0
180.0
9742392.0
88890930.0
13499052.0
17386032.0
61835520.0
90269440.0
36.0
2007071000.0
647676.0
237447490.0
3874176.0
1312569.0
55440.0
157128.0
4078362.0
7513311.0
15524178.0
28907688.0
7261215.0
94582904.0
7091328.0
2784.0
57693868.0
65193944.0
725832.0
538374.0
1977744.0
215257070.0
5660079.0
21370218.0
3738270.0
55793650.0
8556.0
12096.0
1244070.0
81216344.0
35368560.0
24.0
12960048.0
855840.0
1008581440.0
8793882.0
10162596.0
832041.0
226180510.0
2362122.0
320283.0
89718.0
310564200.0
235044300.0
17480370.0
552201.0
984960.0
21922902.0
2337996.0
309606.0
740880.0
1030932900.0
243045.0
4726320.0
90741170.0
5568.0
6300.0
227149150.0
1191780.0
15190479.0
28038564.0
2972499.0
14099184.0
200322.0
11232.0
33624644.0
51501670.0
112740850.0
1632.0
65934.0
9365097.0
23400.0
8600184.0
996510.0
151908.0
75644216.0
32826076.0
25183812.0
1579080.0
898488.0
101088.0
843696.0
17593614.0
32952.0
30602880.0
126396330.0
173104580.0
353656450.0
11136.0
30874240.0
296043200.0
1360800.0
140736.0
27471184.0
212052.0
187856220.0
428608400.0
1270368.0
324589200.0
6050031.0
369379000.0
1604517600.0
990468000.0
616578.0
134784.0
99072.0
10445652.0
28000176.0
3840.0
2259270.0
360.0
1009296.0
1176919600.0
24028482.0
172279600.0
7787520.0
13833129.0
778752.0
50034296.0
1260.0
1002000.0
63480.0
81043200.0
8197752.0
466112770.0
1760664.0
40502856.0
192.0
23404804.0
432.0
101952.0
33585424.0
45882.0
1921440.0
1740636.0
987411.0
6.0
23220.0
1321128.0
267646940.0
65782464.0
366786.0
88613240.0
9604068.0
8640.0
101403230.0
58716.0
6444.0
356760.0
119722070.0
303264.0
280050.0
23800392.0
937587.0
252.0
5082.0
1607526.0
2390973.0
6720.0
766368.0
140970.0
2538774.0
5578032.0
29760.0
3259992.0
33078666.0
2442594.0
37440.0
25644726.0
5055480.0
1663704.0
5189712.0
14976.0
22525866.0
192696.0
3652506.0
13129296.0
67365736.0
28339736.0
502236.0
3597120.0
1152.0
146453010.0
1620.0
576.0
2558118.0
36999292.0
5074974.0
4224180.0
4333824.0
3432600.0
20151804.0
2222280.0
1679184.0
12876552.0
46814730.0
4379448.0
62132604.0
748440.0
9113100.0
42399504.0
516672.0
540135.0
1192320.0
24.0
1806864.0
85872.0
460395.0
107454060.0
34243710.0
600.0
2238912.0
35882970.0
987882.0
56079896.0
65805184.0
127296.0
1431555.0
6835968.0
435.0
2821824.0
50328730.0
142800.0
1123644.0
113514050.0
21384.0
128698610.0
432.0
8711736.0
144648.0
36624.0
58248350.0
26880.0
47685050.0
9.0
56929172.0
3738.0
15090.0
25038.0
1320.0
8064.0
8130270.0
1201680.0
94380.0
3456000.0
126.0
458694.0
72.0
42670956.0
38400.0
10584.0
72.0
122247260.0
44846520.0
58464.0
120.0
13730964.0
4326897.0
900.0
12810405.0
177282.0
128149430.0
41952.0
17700.0
66652490.0
3139308.0
483102.0
115656900.0
3734544.0
1834293.0
3855630.0
9252.0
2067492.0
30041732.0
43596.0
24904512.0
2395008.0
15483477.0
13525959.0
1050.0
65519520.0
1572480.0
882078.0
240.0
9646500.0
5946708.0
6334641.0
477504.0
135621.0
35730610.0
40994030.0
1661934.0
994536.0
109672470.0
2596020.0
54766540.0
22183504.0
6678348.0
157500.0
4536.0
16949960.0
1272864.0
138361520.0
1660008.0
3289704.0
196575340.0
2695680.0
37725824.0
52687730.0
26256.0
1824.0
24886284.0
4264560.0
24314016.0
2223084.0
2097591.0
47675736.0
104330480.0
98528470.0
132675260.0
1494.0
29549430.0
11127744.0
60048.0
96.0
317286460.0
7741740.0
123076330.0
44904.0
94153560.0
167971890.0
7250118.0
336041000.0
413784.0
11708634.0
450804.0
1473276.0
6639519.0
63895104.0
2689950.0
661686.0
7716.0
6148794.0
19332.0
211770.0
79488.0
959190.0
207402.0
6135750.0
8208.0
214280380.0
552960.0
572454.0
3972.0
22439088.0
72.0
12983424.0
13183632.0
70571520.0
46374920.0
161649840.0
110496.0
578988.0
115380.0
245670620.0
19095180.0
18569472.0
34731.0
2622696.0
2612412.0
305364.0
2560932.0
1032192.0
17004992.0
18485412.0
16309140.0
27133580.0
64770.0
11708739.0
5886.0
203106.0
73788.0
321018.0
18123264.0
521124.0
1982208.0
463324380.0
290965150.0
87357.0
24380996.0
98142480.0
273870.0
716906200.0
17701206.0
3545856.0
83424.0
136401400.0
57105530.0
13132806.0
306684.0
14472.0
5592.0
140700.0
5180712.0
380092450.0
11880.0
2167908.0
595920.0
89820.0
1476.0
133063624.0
213.0
1054692.0
402.0
659988.0
221670.0
14684397.0
1237634600.0
4534836.0
97197690.0
47316.0
12903585.0
6951294.0
1413.0
96.0
186960.0
19452.0
603791600.0
268906750.0
564300.0
5450631.0
132.0
26004.0
132.0
3379140.0
154074460.0
2133720.0
32943858.0
45.0
3729312.0
683856.0
24954612.0
16452.0
819532400.0
772824.0
183559780.0
1991808.0
19365486.0
27864.0
44730.0
32448.0
105342696.0
13393896.0
2617074.0
379992960.0
2343792.0
241719.0
1426419.0
589098.0
13850388.0
7918758.0
4493655.0
466752.0
3483750.0
370503900.0
84.0
1070767700.0
278623800.0
315153.0
2335734.0
141660.0
662059140.0
852606.0
56074110.0
225684.0
5772654.0
21660256.0
85449.0
12000.0
2860722.0
216.0
923376.0
378725440.0
7248.0
711258.0
13135761.0
459000.0
1952064.0
2304.0
175140.0
3323190.0
142496240.0
12826794.0
24876780.0
14986500.0
32268804.0
17964.0
56743280.0
27180.0
208970130.0
7873314.0
637986.0
1011736450.0
117408.0
224970.0
24790536.0
6842880.0
216.0
18478216.0
786156.0
422496.0
3885918.0
6083862.0
2243463.0
264.0
466788.0
8805192.0
1307106.0
2056320.0
384912.0
4733964.0
7750800.0
8201472.0
112890.0
64728.0
605350000.0
178899840.0
690858.0
21954240.0
402568260.0
45414.0
22777880.0
496881.0
8135664.0
14189508.0
58229380.0
61776.0
892158.0
58556816.0
404334.0
96.0
103910120.0
3840.0
1269744.0
711205950.0
2126892.0
582333.0
16669800.0
175213460.0
748440.0
1122541300.0
18.0
42624.0
10629651.0
810528.0
6292800.0
1360800.0
325293.0
22680.0
43600344.0
7872480.0
71334250.0
54286810.0
5183220.0
28231614.0
523848400.0
295776.0
186745380.0
93600.0
1612416.0
9126.0
72.0
936912.0
7707366.0
795282370.0
128604550.0
252.0
18959752.0
5577930.0
303591.0
3600.0
45149224.0
324.0
2614470.0
38160.0
4416.0
72056020.0
293676.0
327273.0
1210080.0
4029210.0
9134640.0
60374160.0
278941900.0
178359.0
705744.0
44268970.0
5225472.0
14051922.0
136132670.0
4470816.0
432.0
66.0
362880.0
8860800.0
286070400.0
70750380.0
890409.0
113904.0
107922770.0
43671730.0
5354370.0
103976030.0
134784.0
79336010.0
9984.0
12456.0
6123882.0
66770936.0
5424.0
172302.0
77760.0
24792.0
306.0
155349.0
84.0
70632.0
1624320.0
22471532.0
5377596.0
286416.0
2997870.0
1600800.0
1327218.0
1125192.0
2671200.0
1008.0
7520517.0
199680.0
23784192.0
1469400.0
5299872.0
240.0
189573810.0
306720.0
73085370.0
19031040.0
16368.0
1207764.0
855360.0
415832900.0
432.0
216.0
41124550.0
40373760.0
2797176.0
20399640.0
220314.0
2208900.0
2999916.0
35673830.0
121218.0
84334690.0
60336.0
21126294.0
504.0
19190304.0
14962542.0
2242218.0
211128.0
152447620.0
326112.0
23712708.0
238050.0
152556.0
16423248.0
300.0
231840.0
76306670.0
4123455.0
38556.0
6601584.0
36938616.0
25203628.0
48537790.0
5536830.0
13650072.0
97344800.0
37956.0
6075.0
756.0
3645.0
5352.0
201984.0
30538902.0
5953803.0
27.0
69353620.0
37875680.0
2751840.0
1440.0
16297257.0
30708.0
74880.0
78557150.0
176228480.0
675480.0
19324208.0
368055400.0
72.0
9447669.0
1201254.0
18504.0
95183380.0
127323920.0
1752192.0
23064.0
55476.0
190632.0
4550604.0
4416.0
875988.0
1004274.0
537.0
6709752.0
371880.0
64077.0
15120.0
752760.0
359424.0
2190240.0
92988.0
125298.0
360.0
247098430.0
24646890.0
10162719.0
46080.0
20655936.0
56996492.0
217752.0
1143.0
99648.0
3856620.0
1104045.0
17664.0
15796200.0
470520.0
1487109.0
1239888.0
2830944.0
39530784.0
144.0
76173.0
14400.0
24.0
4632888.0
223957440.0
576180.0
13150281.0
960.0
159.0
233856.0
59416296.0
95104790.0
656640.0
114048.0
5838696.0
1459113.0
2357316.0
4896282.0
97118344.0
11829060.0
123262400.0
125280.0
16022391.0
300168.0
1364427.0
95040.0
277609100.0
12165888.0
90.0
18695408.0
52416.0
4601472.0
6035094.0
30618.0
444678.0
63868908.0
612.0
16717122.0
199920.0
37380936.0
24252992.0
2126988.0
41015810.0
6979422.0
35990376.0
741888.0
19864854.0
122353864.0
401760.0
9176259.0
19631288.0
295027500.0
9103440.0
503136.0
139152.0
23647950.0
106224820.0
808704.0
6297828.0
1728.0
37824.0
5592.0
6911718.0
307332.0
3802785.0
593580.0
75984.0
498744.0
6782688.0
30150792.0
2235.0
104941730.0
596760.0
61972530.0
60530570.0
3481212.0
4520880.0
1839828.0
30876392.0
110373.0
109224.0
16119.0
49944.0
716544.0
1148802.0
312480.0
4032.0
93785200.0
419400.0
4445106.0
29689278.0
200316.0
454262900.0
336.0
115224.0
2005704.0
141750.0
23580.0
129600.0
74472.0
3801021.0
65280.0
211740.0
12668928.0
1173453.0
12770781.0
12069.0
6404103.0
119808.0
10756446.0
888690.0
234166530.0
1052352.0
684.0
3447030.0
440778.0
48368932.0
46449.0
96420.0
12123276.0
192152590.0
130508010.0
352512.0
1007640.0
190024700.0
4380144.0
96.0
428952.0
49620224.0
3510.0
6216648.0
177196200.0
81471900.0
732.0
129577656.0
4566330.0
55116372.0
732096.0
7824.0
31607034.0
8500770.0
338712.0
1928769.0
12921840.0
33840.0
68822264.0
316902.0
35282000.0
6519816.0
75252.0
2688.0
23712.0
28997202.0
129600.0
8048544.0
1168824.0
304296.0
2305332.0
101714510.0
24781872.0
13680.0
204.0
21840.0
85536.0
13875900.0
268128.0
24043068.0
2514732.0
254172.0
21785660.0
14185854.0
80013960.0
36000.0
4434756.0
3436644.0
257184.0
4917189.0
3568998.0
60144.0
13284.0
72085070.0
526176.0
108.0
11645388.0
3330528.0
1008.0
1423164.0
415373660.0
2819460.0
1587318.0
1641054.0
17591250.0
21084.0
13109064.0
2040.0
19146318.0
795744.0
5945094.0
28432608.0
2795481.0
87808440.0
7214436.0
337984100.0
887928.0
74052.0
363077200.0
889920.0
248772.0
10301019.0
12610350.0
78191780.0
26807514.0
121710.0
213426080.0
37866.0
546.0
46870450.0
47880.0
507198.0
14807289.0
6981930.0
1224654.0
23707352.0
2942316.0
51840.0
23508.0
23052750.0
19440.0
4798821.0
8329008.0
2482296.0
2527386.0
72108.0
172117950.0
2703180.0
1720440.0
9360.0
9234.0
27840.0
299520.0
175500.0
16776408.0
2118168.0
539136.0
137904.0
102950456.0
1975284.0
37632536.0
1969056.0
4725867.0
4869912.0
28961436.0
6222912.0
767808.0
3206007.0
762684.0
4184568.0
15249.0
59904.0
101230744.0
5346432.0
281292.0
2024388.0
420.0
47211150.0
8348211.0
41786464.0
18007590.0
6480.0
285558.0
172800.0
4038150.0
27769938.0
35370.0
86640.0
50739904.0
93414.0
29640060.0
19761744.0
157104.0
972063.0
322830.0
27252.0
48300.0
252096.0
378942.0
296940030.0
98237370.0
108.0
1949832.0
172224.0
22810572.0
1038960.0
34021430.0
30508932.0
12184293.0
64186572.0
1460904.0
6249858.0
75224340.0
5566569.0
1854120.0
672.0
72.0
22464.0
72.0
72460950.0
9235368.0
87888.0
324.0
1041738.0
6428277.0
393.0
1162422.0
149790.0
23425734.0
30840.0
67667930.0
53424.0
6888.0
4212.0
3585486.0
428817.0
16750134.0
18847134.0
8862852.0
959919.0
8181132.0
2007957.0
137652830.0
399435040.0
34595710.0
12960.0
34014.0
84860160.0
711720.0
11646864.0
33884268.0
336.0
77376.0
840.0
30744.0
1960728.0
236928.0
98514.0
1080.0
174118620.0
11304.0
401223.0
172800.0
2991126.0
1219818.0
2732352.0
317160.0
26099670.0
150408.0
113952344.0
20298306.0
703128.0
432.0
762876.0
59569030.0
5089854.0
319896.0
1923204.0
229860.0
65520.0
54182736.0
2668320.0
7632.0
1912800.0
164622.0
277980.0
823680.0
116046.0
340329.0
1402608.0
25920.0
30.0
1089036.0
53222736.0
8424.0
74484.0
54852040.0
449184260.0
12614394.0
5124870.0
25717062.0
168083460.0
41448024.0
139599.0
57501200.0
871884.0
828.0
313298270.0
11240193.0
13371840.0
130398.0
229788.0
149763440.0
60426.0
44430.0
15120.0
94024200.0
12897300.0
2960592.0
1137024.0
868608.0
360.0
2856.0
20054424.0
89164600.0
10211418.0
3545232.0
8273244.0
25884.0
7673520.0
7074.0
20043150.0
576.0
204.0
36.0
69288740.0
108.0
1200066.0
12375132.0
24290280.0
1086894.0
27948.0
2700.0
9753174.0
5394.0
211501230.0
1446030.0
7535958.0
2921613.0
99264.0
4190727.0
10973280.0
1896951.0
29921004.0
1962678.0
12202827.0
15504.0
29134332.0
9568554.0
21456156.0
31974212.0
88446.0
1166538.0
4548069.0
1901004.0
6480.0
175020700.0
8487204.0
105590180.0
48263040.0
111597120.0
2267616.0
105729.0
283188.0
2604.0
516372.0
438480.0
1157466.0
869148.0
7470456.0
624864.0
10944.0
67890.0
471996.0
71113890.0
127734.0
192781360.0
783432.0
316455.0
906666.0
718932.0
7776.0
367582750.0
4886910.0
5242836.0
114840.0
4659279.0
6895512.0
2160.0
724680.0
672.0
371983230.0
221484.0
317106000.0
863484.0
330784030.0
172033040.0
467193.0
1611.0
385056.0
65664.0
2691990.0
81648.0
2419656.0
239784.0
268135660.0
186408.0
3432168.0
8989614.0
96625510.0
12371778.0
2179629.0
408.0
203316620.0
30246036.0
16512.0
246408.0
23076.0
304984030.0
4520988.0
603390.0
114497950.0
19554.0
828.0
340134.0
15449880.0
5306823.0
4757736.0
1983066.0
15258243.0
3024.0
21272976.0
20784.0
53623864.0
198259860.0
71217144.0
9559728.0
1041.0
288000.0
7170.0
212598.0
23643306.0
98423440.0
139569.0
777696.0
3825195.0
4088700.0
68595.0
52992.0
878136.0
6192897.0
739044.0
113864900.0
258054.0
23364.0
62208.0
2778774.0
1948005.0
117312.0
48303.0
22932.0
104885360.0
464850.0
433980.0
344858200.0
74331290.0
426384.0
90519790.0
4583076.0
42669350.0
353835.0
1133448.0
83236810.0
464460.0
11971902.0
72.0
120024.0
10468455.0
422745570.0
166740.0
268327800.0
12192.0
164541180.0
2947404.0
2620326.0
11989404.0
39432.0
6699804.0
1300320.0
31697812.0
28224.0
217152.0
288.0
863190.0
559818.0
5365578.0
133056.0
1656.0
1286022.0
441936.0
70092.0
9740172.0
600.0
42040720.0
1722240.0
94013860.0
619272.0
1896.0
1599129.0
15065124.0
2871084.0
24399012.0
1650240.0
826212.0
33408.0
5699232.0
51768.0
48402104.0
255312.0
45517304.0
816078.0
48.0
33684064.0
1610358.0
12867027.0
148521360.0
949830.0
67303220.0
57595110.0
47065984.0
2751.0
446586.0
1100478.0
19508200.0
113276610.0
2575278.0
25548564.0
8332170.0
2086518.0
39417.0
857028.0
98874610.0
5589348.0
145349220.0
10353642.0
1751130.0
3024.0
68150240.0
2735400.0
246480.0
234.0
11396736.0
99645670.0
150.0
141619500.0
5052828.0
3022263.0
94303890.0
6753126.0
89756050.0
24.0
3576408.0
79384640.0
20670186.0
34158416.0
95868.0
16335516.0
138858.0
1323120.0
936.0
11094222.0
24060.0
98716770.0
48.0
8722944.0
35489450.0
126435.0
66528.0
6792.0
32748688.0
1840020.0
99679540.0
4333824.0
108576.0
73598160.0
24042126.0
249852.0
16872.0
94905.0
8710002.0
33.0
48786.0
92885144.0
19369368.0
4964004.0
43226628.0
157392.0
28122.0
288.0
14003946.0
125887496.0
137538.0
1939752.0
17016408.0
154440.0
4620.0
7627500.0
5507676.0
324.0
10790748.0
8256372.0
3044448.0
43200.0
17111004.0
900.0
42677976.0
58320.0
625734.0
10884402.0
845070.0
165441.0
5117880.0
80355080.0
1868100.0
8136.0
3993885.0
1202724.0
35184.0
515571.0
2332476.0
37781696.0
6580530.0
151644.0
156480.0
5016.0
360.0
813186.0
231954.0
1154736.0
36754350.0
8949555.0
5738796.0
2514267.0
25800.0
7914351.0
4008513.0
13131408.0
6480.0
2794233.0
14802990.0
6297336.0
4896.0
44780172.0
2766.0
913896.0
1032.0
61281.0
5131128.0
647988.0
63118230.0
248160.0
896790.0
1432080.0
108033990.0
116958.0
4882023.0
956160.0
347820.0
24215928.0
248064.0
21037248.0
2640.0
556332.0
200880.0
4151292.0
2640864.0
16971462.0
733656.0
5478696.0
162000.0
30864.0
154455230.0
49754576.0
32074656.0
7473486.0
3114807.0
360.0
268680.0
216000.0
273204.0
2287167.0
24960.0
114441840.0
10630692.0
1240470.0
45946964.0
2987136.0
10072794.0
169776.0
13248.0
118926.0
29145714.0
1342086.0
54508790.0
544782.0
2273400.0
9628431.0
46176.0
205920.0
936.0
99822.0
1096704.0
23044632.0
17958.0
3033216.0
141205120.0
7104.0
18935496.0
180.0
103200.0
270.0
450792.0
24432336.0
7622889.0
293442.0
16416.0
1654050.0
338688.0
95736350.0
2384952.0
42458920.0
818604.0
7892010.0
2274240.0
31680.0
41937.0
9348897.0
32796.0
13632.0
5636844.0
68938560.0
24275296.0
7621227.0
105194744.0
18912.0
336.0
60480.0
18.0
503208.0
109609310.0
6720.0
2541144.0
242820.0
25297056.0
780840.0
120.0
392688.0
127131500.0
8834322.0
3687363.0
66240.0
563616.0
63191456.0
13842975.0
12834552.0
8651520.0
4044.0
116736.0
49205484.0
10725768.0
17760.0
9786.0
5365728.0
18.0
15063054.0
85252510.0
161300460.0
63852.0
30858978.0
413100.0
45760372.0
867024.0
9284868.0
14807520.0
46080.0
29568.0
69816.0
869430.0
246384.0
6575616.0
38600310.0
3536919.0
29194818.0
51666516.0
299622.0
13882128.0
31920.0
24846.0
377211.0
9446016.0
71575800.0
3010044.0
18908994.0
337536.0
37440.0
92442.0
111010400.0
2119512.0
14875206.0
3608706.0
13056.0
1612056.0
700488.0
4652322.0
35680140.0
1752192.0
47005250.0
14466906.0
10608.0
43992140.0
15696768.0
2621703.0
949176.0
3024636.0
154074.0
13586124.0
2258622.0
456.0
40561920.0
103680.0
1488945.0
4077864.0
104592.0
117072620.0
54951056.0
918.0
270168.0
339012.0
1882824.0
41733360.0
8915547.0
19620.0
54397316.0
120.0
24312752.0
24913188.0
5070462.0
2357406.0
152605040.0
6692652.0
12182010.0
32760.0
14546355.0
4636800.0
144691890.0
9690456.0
22804008.0
336.0
654360.0
5057739.0
10371738.0
107014584.0
763578.0
8241684.0
1656.0
142959170.0
2306988.0
1823601.0
55724956.0
30394644.0
32603952.0
5924655.0
14994858.0
6000.0
38887440.0
6598242.0
65946.0
164314610.0
13724256.0
10911.0
12507846.0
2034939.0
28230136.0
180.0
54576.0
243360.0
514800.0
22376376.0
12672.0
2345328.0
15040041.0
258780.0
148056.0
337104.0
61854.0
19819182.0
104433030.0
129984120.0
606000.0
5199783.0
3256203.0
2824596.0
662370.0
1922088.0
156865460.0
107160.0
1125312.0
49362464.0
6133092.0
7625478.0
20110372.0
140874560.0
39.0
27802072.0
54546.0
178560.0
16820562.0
41848970.0
10191135.0
907200.0
1510272.0
900264.0
219882.0
8765412.0
3264.0
5920800.0
61447656.0
132298530.0
736362.0
4887186.0
648.0
32400.0
3505698.0
1035936.0
288.0
2078262.0
794304.0
1571136.0
8047284.0
17998056.0
6048.0
10036518.0
246408.0
30888.0
16622496.0
1752606.0
4343892.0
29009520.0
67672424.0
4239318.0
6472392.0
13855737.0
31058550.0
25055292.0
6269400.0
384.0
210333.0
180.0
10584.0
5952.0
350217.0
30947184.0
107925.0
2361504.0
3539982.0
569378200.0
3503277.0
293257000.0
80640.0
298584.0
134659410.0
181927740.0
235746200.0
295488.0
72345896.0
21390.0
32376960.0
258047700.0
364897570.0
109836880.0
452908640.0
7541424.0
59586900.0
132.0
7298411000.0
9547056.0
1626330.0
65564450.0
907398.0
2072160.0
29628312.0
406368.0
20232.0
39744.0
12037428.0
744.0
2225664.0
200829.0
450132.0
64637190.0
62204184.0
73716.0
26168544.0
87508300.0
1153392.0
11601381.0
137622.0
279.0
14197848.0
59165750.0
315792.0
5446116.0
6033510.0
8054478.0
31860000.0
32883168.0
45413800.0
267072.0
90279510.0
368184.0
66461604.0
554040.0
24514368.0
5064708.0
19167408.0
93081.0
132.0
26837136.0
261455040.0
198.0
117960400.0
72.0
66873540.0
630792.0
607699460.0
14173932.0
109888056.0
540.0
210.0
56700.0
88591710.0
854346.0
128791770.0
31184394.0
680814.0
12685668.0
132.0
6290112.0
5269854.0
58216410.0
63648.0
9055194.0
2277492.0
100496300.0
4343718.0
1260.0
56528028.0
7754523.0
339777340.0
1666968.0
16703952.0
54204.0
570.0
120.0
31680.0
23706768.0
72672.0
3492.0
293362050.0
13552668.0
108.0
144.0
29090754.0
5224719.0
7932864.0
7560.0
2904.0
6028122.0
6744.0
14364.0
2578497.0
54288.0
1928880.0
4353357.0
127296.0
432.0
8245017.0
183848000.0
1597812.0
12514710.0
14516208.0
458712.0
19614.0
910416.0
28035942.0
2436.0
478176.0
7593594.0
10387272.0
15552.0
641646.0
366000.0
2503872.0
10829019.0
94563.0
650100.0
2204658.0
30.0
63168.0
54594.0
5184.0
35712.0
18890476.0
25038720.0
24519696.0
16026.0
823680.0
235008.0
76161770.0
3956040.0
11106.0
20424.0
35496.0
127566910.0
6683376.0
15984.0
3216.0
22800.0
1100034.0
1198392.0
85305.0
270.0
726.0
353952.0
42336.0
765264.0
7195998.0
3013848.0
1336269.0
15951978.0
1884960.0
122292.0
6988380.0
4217088.0
18000.0
504.0
432.0
455190.0
864.0
2586096.0
1059456.0
66792.0
12532968.0
2633784.0
420807.0
13274844.0
1426428.0
77691060.0
540036.0
984960.0
60000.0
958368.0
64765492.0
33345.0
32125912.0
1748172.0
185658.0
96984.0
864.0
919137.0
22176.0
44853390.0
1585080.0
4303704.0
12000.0
1347435.0
797256.0
100128100.0
17163.0
1164984.0
94591780.0
48992692.0
315552.0
5427792.0
25755480.0
59263812.0
24206948.0
1152.0
54.0
121615420.0
7617060.0
247296.0
63960.0
3120591.0
282360.0
18145512.0
59369828.0
2327760.0
19962716.0
63109716.0
81432.0
938400.0
5760.0
3134361.0
162624.0
180.0
1350.0
864.0
158596080.0
130248.0
1492080.0
1235520.0
14818392.0
3456903.0
4591842.0
3312.0
152456590.0
5292.0
16184520.0
35712.0
56006350.0
144.0
48350868.0
54804.0
4900968.0
6770010.0
9900.0
73586140.0
62706824.0
4704.0
1292712.0
101828450.0
4678626.0
4435920.0
40412200.0
120.0
7008768.0
21667014.0
258900.0
22224.0
1320.0
48906.0
6753636.0
63258.0
701568.0
1980738.0
540.0
71136.0
2051784.0
731433.0
4562058.0
1332.0
34075510.0
240.0
3856107.0
74412.0
24308664.0
13920807.0
2749584.0
5992704.0
194880.0
64632.0
378705.0
56448.0
160891570.0
216648.0
480762.0
59984076.0
697494.0
9459072.0
281364.0
16459800.0
1314936.0
2113740.0
1656.0
2386158.0
4919616.0
814320.0
333870.0
2353200.0
10904544.0
10517634.0
18006636.0
528936.0
603720.0
15360.0
11923800.0
25858612.0
177780.0
57993410.0
601776.0
1215072.0
84522.0
5136.0
2685729.0
1991667.0
120.0
96.0
104934400.0
13362828.0
321480.0
27058596.0
195840.0
43853804.0
265302.0
456228.0
850614.0
37300092.0
151776.0
240.0
2382972.0
1600914.0
38949120.0
426702.0
10044.0
291600.0
17393892.0
59520.0
5604552.0
15606.0
2175309.0
468.0
696.0
514983.0
937359.0
14711424.0
521973.0
96.0
12523623.0
930858.0
152605120.0
253824.0
209070.0
13148145.0
19482904.0
11016.0
10378470.0
40032.0
85425860.0
46285776.0
17794092.0
5463162.0
785256.0
5821791.0
55019892.0
217152.0
8959245.0
33600.0
77760.0
12805284.0
5923596.0
18822648.0
1813320.0
7054122.0
2094.0
8736.0
1128.0
657228.0
43583904.0
279708.0
8654901.0
1080.0
1145856.0
2613450.0
197796.0
20538552.0
236220.0
155124.0
10212.0
1310292.0
2579451.0
13852806.0
572220.0
15171642.0
188616.0
2843862.0
1036296.0
1307760.0
168.0
51531800.0
241920.0
172562620.0
688284.0
743040.0
27624.0
360.0
48373856.0
22404.0
479310.0
26252538.0
8813424.0
180.0
1760547.0
650880.0
1997160.0
1764.0
24714.0
74952.0
1575960.0
539484.0
5536950.0
10219110.0
43986516.0
810.0
6990984.0
40907148.0
157914.0
2397639.0
360.0
16599612.0
8250816.0
1022112.0
23213176.0
419412.0
32557620.0
143640.0
1421817.0
221424.0
301020.0
624.0
5846472.0
50472.0
67809.0
5609730.0
26892256.0
1512375.0
271548.0
227016.0
55344710.0
28256688.0
163944.0
23466948.0
1837740.0
4200.0
12589992.0
1681650.0
101040890.0
102810.0
252210.0
1077732.0
91824.0
51698930.0
11355966.0
684510.0
3557265.0
3020748.0
49301596.0
9829908.0
488592.0
1517802.0
3483948.0
392832.0
1438560.0
12597621.0
398256.0
4608.0
30.0
297.0
7229004.0
5131254.0
1752.0
3963096.0
324.0
9396.0
40749710.0
49368.0
6121326.0
780.0
9057018.0
48964610.0
4532052.0
66708.0
2592.0
13381188.0
10919802.0
16247223.0
2329992.0
9681372.0
733824.0
126.0
164623840.0
9720.0
3168.0
64509536.0
19973784.0
6026481.0
143503970.0
29603736.0
15908022.0
70094950.0
4815774.0
188208.0
4840464.0
140366050.0
12.0
9.0
134754.0
238464.0
12.0
97328184.0
7344.0
77652.0
78375400.0
5184.0
6121428.0
12749064.0
5865552.0
55177920.0
1645194.0
1728.0
1701.0
15984.0
26040.0
8640.0
10372608.0
36893160.0
14895555.0
13608000.0
4424526.0
42794350.0
1034496.0
18000.0
54189704.0
1568004.0
82954400.0
616188.0
527844.0
11797818.0
72.0
27096.0
171.0
305760.0
3996.0
6720.0
5835630.0
45066.0
5149224.0
70640640.0
17889528.0
3436200.0
848160.0
6536136.0
35584304.0
331236.0
661488.0
285.0
147723620.0
399102.0
1925679.0
143411340.0
544320.0
14400.0
