166.35684204101562 19.662390104824475 105.5400968139829 422.02820980932506 929.505400036677 
51.464698791503906 22.901891098567567 115.83365710044164 420.423886705007 818.1303343350178 
44.24756622314453 18.334044656635804 83.49169272990018 309.2327326610081 762.4403435622768 
41.62294387817383 14.821382770870887 62.0987224684643 220.8635383279581 677.0306747953787 
39.08067321777344 16.163665680802023 74.51115068350637 281.39292343315356 698.8255331204075 
35.063560485839844 12.034888741427718 52.89538702974706 217.84449598524304 612.5690142737014 
36.92312240600586 14.73580460471076 69.56357456488644 258.46791846627065 589.5352515836884 
30.03233528137207 8.9946223199034 35.27480826473946 156.04720916297936 665.1410075143799 
34.62324905395508 16.20396980141099 78.61243611021771 246.25327438176424 620.8310194227431 
61.018272399902344 20.001482232854997 99.1806981758055 365.7395426257555 762.6172745479039 
39.49595642089844 26.1744539074226 142.77504567567664 451.8119303385417 993.3441039484981 
32.9466438293457 29.080804866585627 132.89447701309336 585.579201087883 1015.8309902840398 
32.82931900024414 12.9350026785031 59.61788663900644 227.50812828341833 517.9230522838191 
27.283763885498047 12.927927859793481 55.82882253443547 202.255846585594 470.1990689959258 
28.837772369384766 14.533905045521 64.2957529131977 227.2610217655637 505.04865720954626 
33.2943115234375 12.832177078469428 54.57205027955024 180.1834212383369 432.9401159482736 
34.44548416137695 14.480906574532602 57.36332922103071 216.81329344615128 509.8262993331915 
40.03470230102539 13.744616567012635 59.66089240529891 219.17091089981162 505.87056673151653 
31.79617691040039 13.805736533088877 57.22448254417111 194.7520274614132 463.18413251115044 
36.661903381347656 10.564982843348142 44.67999403308001 184.69895678611618 601.9083215454258 
33.30204772949219 36.22115264712253 174.15354392449012 570.2774004407631 1180.008637338797 
27.582822799682617 13.210112185323684 49.52120708333966 185.71313920454546 382.2298822229169 
24.962509155273438 16.193676785145314 67.37293898602917 226.00520680525736 468.45755954248233 
26.97374725341797 18.760480635123397 79.58398230012978 240.8505552009869 481.50278356695867 
25.497398376464844 15.645119781115442 66.50907725341199 213.68990411784463 486.9925618857086 
24.73064422607422 23.045580523680798 98.77974517084786 279.9567440411871 635.6512376224773 
27.137432098388672 13.939632847914929 46.48235074842792 164.17383768146237 364.8153503679272 
29.839664459228516 15.925975291374066 62.65462402827255 228.6578875791266 511.94167448502753 
26.205347061157227 14.486050187560503 60.41782425717416 192.4056599934896 445.0396369989876 
22.651973724365234 10.979822159900285 44.08857796510875 138.58063422309027 323.54529043051946 
33.80284881591797 16.925177372519816 81.59586258978817 300.4102031217956 607.2311478509391 
27.811363220214844 10.942895724190095 45.3980620420823 150.03335571289062 363.42426564002244 
22.60321807861328 9.453576623532859 42.631956873077456 136.08786774494143 343.2078665284904 
21.124174118041992 16.357934222736805 63.276261838146674 188.0324982090975 435.94931433605245 
27.76580047607422 16.03089868239111 56.73428037236932 187.43994196633412 453.46397569444446 
21.30912971496582 13.198766009161448 48.42433484413678 175.36924319090556 369.8635374921935 
25.61039924621582 11.799773561295677 43.70464420036019 139.95822216365715 329.2563094777011 
20.88833999633789 11.202753591221475 39.732663649260935 124.27120981911017 315.5128501779025 
24.753856658935547 17.675889317130164 71.05178358929726 233.56952032063018 483.55083694167786 
20.817459106445312 10.660364446499631 47.212746944203914 132.7361822434041 287.42616182522596 
20.5428409576416 10.757669827808332 38.543791855823315 120.22823350525967 314.30417193664607 
19.7803955078125 13.357606069222522 50.9695047048254 179.18877737667907 423.8218702007477 
25.772022247314453 18.473069047763875 87.20457274616092 249.22352430555554 544.0014958509496 
21.97823715209961 13.870343153840247 55.77591422623722 187.43090030705108 390.776334119415 
20.087182998657227 12.071538751775568 43.686569335390175 139.71828087306253 322.2161313016748 
18.369619369506836 23.12039244466762 93.31886667334757 296.7294689360119 628.0323286900626 
18.255054473876953 11.16316716728281 40.030832916686364 121.87559335443038 247.13051190711815 
17.81066131591797 11.99458676044852 51.55727992524885 152.53277372344502 303.4930499168297 
17.52391815185547 12.24658871636079 42.79078182885435 154.2510312734264 359.57060576197443 
19.37278175354004 11.315730996039944 45.69298750243945 143.5415042284804 319.3579030817774 
16.63519287109375 14.689881483558992 57.015889407070844 174.54703776041666 325.97901657903117 
18.18509292602539 9.353616235589097 37.33369077357398 132.02485758914258 276.29675173797307 
17.027793884277344 9.949952140687005 30.041521015544035 94.19360633557213 243.27358413826113 
16.979129791259766 9.768313289205734 38.65415297180701 124.67681106808648 246.11926539038012 
16.482126235961914 9.717808654666179 38.17317618548547 124.69734986836198 276.88131586665486 
19.89264678955078 10.339770221493271 37.96268539398283 123.42872902199075 280.8533960548333 
19.62720489501953 15.016963566964506 53.88211754417165 171.911667041447 407.9294511624752 
17.075239181518555 14.867060908564815 55.39098997258482 158.80721908017907 323.0284366237935 
17.44318962097168 10.634807350559736 33.91588633301584 115.5803481828055 231.40547526866553 
17.5305233001709 10.310012377813933 36.2747100906088 115.69142030853338 262.32692407598887 
18.524555206298828 10.684833800820876 38.72937174535979 131.74605418515085 289.3516444386713 
15.284794807434082 8.618062126323053 29.93993776984375 104.20791625976562 327.93345155339944 
15.91549301147461 9.646224236076572 30.64603561482274 99.49647249950883 216.75430286777976 
15.140201568603516 12.295223095800505 45.150835538207254 144.31724904494635 318.76759452237684 
15.58367919921875 8.801721567411516 28.985446177494474 105.02168986736623 275.9767882734578 
15.86352825164795 8.856407553230415 33.5149821866798 97.53986080109127 229.01948247929494 
15.153691291809082 12.601578366392323 44.50285273398599 150.9473384630297 323.57520291645915 
15.77315902709961 10.800761878971114 34.05058425372712 124.54586018781713 300.91783817446685 
16.308591842651367 13.991645108518794 52.77370361260654 178.14080757706674 338.890430725881 
15.876420021057129 10.352224540190736 39.40299270937655 116.81339518229167 258.4556347708751 
15.260024070739746 11.749450664561897 38.163611940522664 123.79401757827073 279.7405562670683 
13.644969940185547 7.865800008605093 25.104351923061678 99.71363649626517 233.04189248988177 
14.800918579101562 9.420270237541333 30.827312223907427 98.09767735833526 201.8392967323972 
13.722028732299805 8.069797795983298 26.879067612175554 95.54533555772569 220.32223325763763 
13.714213371276855 9.429702322663566 30.456206421126883 101.78128302619673 232.66529869407623 
13.683540344238281 8.622364433770997 28.748179062580526 106.80113389756944 208.43821220012626 
13.405332565307617 7.99459075173096 23.423820213199907 85.15527750616036 173.4370179917085 
13.417458534240723 8.865506638244426 25.643920843195286 83.52442840453939 206.2632328836655 
12.30599308013916 7.4908684564143195 23.600177979963092 87.05825772104994 190.64475193386772 
13.039812088012695 8.857668467458293 27.218977612666652 90.13494874213137 217.02682715972657 
11.888919830322266 12.943137936659411 40.64967766381771 152.88473099084987 319.66881197336943 
12.390390396118164 7.622144910762373 25.56381695050208 97.17547220644019 227.35800640199056 
11.234244346618652 6.471341524647748 17.612691341931416 64.69089198179272 144.06845232559465 
10.691202163696289 8.943683240742024 27.36627340445341 105.32186686197916 209.77330607496583 
11.151607513427734 7.854316251240079 24.633095101034485 81.07172121946839 190.01006793006547 
11.59644889831543 7.0511244430941105 22.339614099391458 73.4188205295139 167.3357572603817 
12.05645751953125 12.25536704081104 37.628864562947015 109.52226759485558 276.0815586486209 
12.42661190032959 7.4101994540210665 23.208770563909447 70.78744747170775 158.26389906141492 
11.886311531066895 7.555161634693776 21.108702927285982 79.78145345052083 164.37087052255538 
10.679231643676758 7.112405684421615 23.056896364172772 74.21573612607759 199.3620245557424 
12.312545776367188 7.902901589935807 23.848343446728435 98.21101612253162 203.20172421807035 
11.992862701416016 6.891394218631659 21.39691264779517 79.74235620323685 186.0065259273772 
11.968452453613281 6.471467203488193 19.563663827704254 68.98750754830918 168.2200281101389 
11.294025421142578 8.928577099801641 28.86636257691186 101.08084326679479 202.67918725107836 
10.94609546661377 7.967838596113772 26.981515098055937 94.13885114734299 185.09980008917606 
11.183947563171387 6.808223600365839 20.3118504133001 79.29868016098484 179.35861636364177 
10.127071380615234 5.949358170003947 18.93119302624762 65.4309563984378 161.99746375470508 
10.696829795837402 7.240828092189253 20.984149106330378 77.91549786745406 148.78837033508484 
10.58113956451416 5.678947793032925 18.129079005273987 60.10772479962049 147.4558527537891 
9.87580394744873 6.204351635168456 18.341872485083808 63.98180398750901 174.54592285156252 
10.182815551757812 7.083643255190216 22.098084147009075 73.1725139636944 202.34074017666097 
10.713309288024902 8.2016093812776 26.157223830788205 89.11760426200082 207.009188525441 
10.014177322387695 5.473949828424702 17.575417777806685 61.102221782700425 135.89221280241628 
10.246275901794434 5.900474635117981 17.63886955992794 56.06451170664089 132.53714173743194 
9.439299583435059 5.960181401609406 18.860157564097154 66.21067802670089 137.88540232218327 
9.677117347717285 6.166927620576298 18.2750927199591 59.449876174428105 116.35309660831393 
10.361796379089355 5.877294811240721 18.710814197111933 61.890167523725616 139.98532107698017 
9.733525276184082 9.948765203854022 31.384159196688596 105.10003262727713 231.3695698947441 
9.823934555053711 9.459940406429338 28.371925058938945 91.15851180854885 181.69648074417796 
9.420411109924316 7.599225108498563 27.748152380390124 90.18758500066433 220.08696746560432 
9.928074836730957 7.0761571614926195 20.48934011414221 67.10562472873264 159.80004761963454 
8.886542320251465 7.893638281772484 23.00990692701469 66.4095140466076 155.63149763113557 
8.81244945526123 6.360280481107046 19.107490869107686 61.19936573054992 112.5212040836482 
8.602950096130371 6.206099469733175 20.746385759313412 71.80709056458936 136.4307152198598 
8.544428825378418 5.46127085138451 16.842859670750627 59.006734212239586 129.23944852837698 
9.026236534118652 7.534288194444445 25.277341590503394 92.32651289682539 176.75895979487893 
9.07552719116211 5.2429657047736224 18.263561262092708 61.92988667144678 134.74445523392933 
8.538921356201172 5.187010755124973 17.166916659661624 57.51319403570728 132.98587449065585 
8.201184272766113 6.022120844245674 20.545844489017774 68.41733335804467 131.8577185252356 
8.25932788848877 5.623954432860911 17.410912444365835 56.521708594064286 137.66690696938474 
7.990060806274414 5.243012591149961 15.630677675189395 60.39198404947917 141.7286405854787 
7.960410118103027 5.012588336011673 16.919965619975706 70.75121010999942 145.08744275026118 
7.955761432647705 5.605207658492994 18.128641919420055 60.33902419455134 123.11976384007106 
7.664145469665527 5.8275366616976605 19.449949801771943 59.68224419487847 118.24401139269492 
8.16171932220459 6.068095540799859 18.756090507615678 62.82543053754558 139.1024698260265 
8.291617393493652 5.91003299372367 20.326004153348492 64.14412653162385 144.72429483607513 
7.9687018394470215 5.07854294126483 15.194628652771863 66.065982500331 149.14969572056322 
8.196782112121582 6.492460261361643 21.292261290503504 76.88480718297238 179.21301360722933 
8.145926475524902 5.912695501539016 19.61263287933131 68.3434611839898 142.57502931184735 
7.868875503540039 5.419687402446401 17.397905795822254 59.5748327994155 138.47349208983198 
8.127903938293457 5.382056463332403 16.550662206059762 56.96653512642609 151.15018725701486 
8.42320442199707 5.62686006522473 17.436142910094418 70.05440992409561 158.24165548661855 
7.825582981109619 5.087589506834685 16.855008683433518 56.69140142746914 125.64163401862893 
8.127777099609375 5.248268595367719 15.25882310436938 70.92563424059139 179.6081325954861 
7.801520347595215 5.56444655857349 17.14419954235788 61.92476895014383 135.5906381448417 
8.860452651977539 5.666773232967882 19.706376825705377 58.16458853932468 124.08745831126542 
7.404187202453613 5.511104151392258 18.024931134485406 64.20133201800165 122.69092734162487 
7.231384754180908 4.649445538901839 15.173541424912667 55.750351447271385 110.66352538883 
6.847525596618652 4.399833777207214 14.957993702680884 49.76978006283919 135.94822579070535 
6.890253067016602 4.875258087876978 15.355005971885044 53.54717515013026 122.98312251772438 
6.644212245941162 4.647949620016305 15.290130845307502 51.62849602803508 106.18335483905534 
7.712502956390381 4.4306820512910425 16.63612536632401 53.79939869475135 113.65004527295412 
7.2898335456848145 4.583356714980883 16.10113778331001 52.23095507618486 113.76326300777603 
7.127115726470947 5.449987826997285 18.538405919170195 61.167781326811294 129.57367211458887 
6.8193464279174805 5.101647620550842 15.350502451892883 52.66381416737209 119.04765502334574 
6.675362586975098 4.521439510112496 14.620526397294931 49.68310546875 124.22114498818678 
6.578256130218506 4.997218074948433 16.31614876129754 55.58508522727273 116.28261516739687 
6.696338176727295 4.843516597041377 16.95985726623022 59.671630859375 137.326362461778 
7.36445951461792 5.282983809523963 18.453334381857204 56.8986886817948 113.81981594214768 
7.050336837768555 4.792111486121903 15.884425338722984 56.71984052040709 110.39715133101852 
6.641158103942871 4.691546423256803 14.218348408781432 64.07678521677755 136.27939710001385 
6.314077854156494 4.249768371283008 12.919840670534425 49.6595108207615 108.56175541786399 
6.757297039031982 4.561516092050443 14.309784678294545 47.59317017586318 140.08541034827414 
6.342177867889404 4.566109295616481 13.066468629630187 50.895297580295136 146.66254076914333 
6.162667274475098 4.607977919003339 14.424562189126968 49.72455124627976 105.94883260313502 
6.061960220336914 4.398459550343218 14.054179264772628 51.23060705049776 118.14388493650675 
6.192771911621094 4.5939553281832755 14.955590050094202 61.56640959725792 112.16250070975391 
5.947382926940918 4.263460133532275 13.33510552384571 53.17836571967368 111.09497884810142 
5.90409517288208 4.345862407629986 15.119108212100262 45.177564677459145 105.7775889009744 
5.985527038574219 4.218770330491291 13.990531836400944 50.94431574649395 115.21697188620072 
5.949390411376953 4.303887398608524 13.206871447819363 47.6819769511845 109.35229730072676 
6.011658668518066 4.119334073171439 14.664412778964337 50.64545167604515 98.4355031176433 
5.974040985107422 4.116324657522766 13.39425523695953 53.321229072283515 126.494417706017 
5.742008686065674 4.750852541371159 15.418397105893469 51.24518839518229 100.13321018624298 
6.233588218688965 4.839550215731625 14.013431899879981 49.61708819666491 110.17553335529547 
5.874896049499512 4.327753155048077 14.085746971441157 46.95619600388374 107.99891450319046 
5.940354824066162 4.4603991615014555 13.89158963265291 53.00038458157525 100.88432758330407 
5.900637149810791 4.452661940830417 14.640143464028398 52.58214226587937 110.27252917776923 
5.668636322021484 4.1462708498479115 14.071004784087116 50.9457763671875 104.52696497413298 
5.551323890686035 3.951125892068864 12.51146189432724 54.12011619442614 94.39461606994956 
5.463612079620361 4.316785439356654 13.251017287340986 45.371896043771045 104.09978670847627 
5.799103736877441 4.298059173420561 12.65461271096505 53.82247416178385 100.86771863357225 
5.6523261070251465 4.392035263951445 14.106566628200724 59.870315647489996 126.31848770682333 
5.5661396980285645 4.7941538492838545 15.728714477900105 56.85129780269249 111.88664987049026 
5.5797576904296875 4.102789419036445 12.97543797064069 49.897146988407115 120.16429239908854 
5.552757740020752 4.348732672361086 13.731610284252193 52.64151687787019 106.41780002496354 
5.454547882080078 3.9601769219485665 13.190681517613827 45.66801859534656 109.78250081380209 
5.6128411293029785 4.120020198753637 13.32956044135193 53.12817831364829 115.46696740355068 
5.530961036682129 3.664982894005959 12.434483760146989 54.36210107171255 118.35385379762636 
5.373911380767822 4.045009131358127 11.762984129441678 43.07223326275696 97.01230925553361 
5.214953899383545 3.766078327742848 12.611706191852662 53.767840965200406 126.33507451706359 
5.381914138793945 4.081472405517529 13.010249704248585 41.081458361729865 106.27885905745762 
5.370518684387207 4.40347614870156 14.59360464379265 41.502644856770836 96.1484350725368 
5.214879512786865 3.967850104568855 11.842293023782018 47.79216314149161 119.99012833285325 
5.296088218688965 4.803187088495517 15.507759352679578 48.34772855549798 91.7061279296875 
5.4102959632873535 4.360873828640522 15.10067894836104 54.563839438968174 138.32803970380428 
7.293598175048828 4.990097210759304 15.431610999111374 53.53651114650796 132.97486247402463 
6.550362586975098 5.140280398610392 17.167076013544154 59.01372360417481 108.93438601998596 
5.606363296508789 4.237136544931043 13.848129507819397 51.020357775046236 113.5804579959873 
5.368510723114014 5.166169265243954 17.48737399619214 55.42303114860475 138.66877933737558 
5.180186748504639 3.8779517908461023 12.952145985510096 50.1822998046875 119.52357029031012 
5.167259693145752 3.8851847412163663 12.087174412564961 48.67480402784826 111.9285427517361 
5.060041427612305 3.9567665978160935 11.379662741688852 46.736520108238 97.84301580492716 
5.030589580535889 3.660944352207443 12.100625467939121 50.80975032897075 110.85575871087849 
5.077322959899902 4.749220533064126 14.877643769925374 51.14825236118741 107.77641814793729 
5.195546627044678 3.8581430027571355 12.36830440154962 52.01481963734568 106.51425109612504 
5.055038928985596 3.782659434121689 13.14815680353368 46.45736937406418 95.27023158277919 
5.079833984375 4.382023384416205 13.097414126654893 43.73831352453929 93.27762409712793 
4.953962326049805 4.191853600122211 12.919765565981848 43.46524772769622 92.95338006638053 
4.959367275238037 3.978355059843386 12.519324761871534 43.27383537616158 94.78639460559432 

