86.72245788574219 21.21825954265953 106.70798554267539 507.6574103653819 3795.0382317414733 
50.82080078125 32.02432309203142 183.67355158537273 675.3596059892692 4612.038893995466 
47.97514343261719 14.492397134333824 63.00725835793503 232.30564598547366 2782.1698879419264 
41.53422927856445 9.93242229644053 42.95187592064837 192.7559334845049 8875.408803763454 
54.86973571777344 20.080587491424403 106.52526766018846 419.8849688242516 3174.0481011284737 
35.03559112548828 8.252589285714286 34.554395808802425 163.9105534822151 8935.315245726535 
33.25271987915039 11.67631418119053 54.25898925448914 171.54267413216266 3103.1244813733056 
34.721256256103516 12.885880211243983 58.836705112981804 204.9303181966146 4311.383680555568 
37.16238784790039 15.51295350610895 85.73121970812299 280.2494855401951 2887.2546342777437 
28.65789222717285 14.123363690834397 62.73288131091553 242.00475001244882 2900.4532747607354 
30.680479049682617 13.033681920374146 57.86768690416577 188.09422870850747 2774.992430555556 
33.428829193115234 13.72156051719495 62.43685167057268 217.28299715270023 2566.6277382195294 
28.955976486206055 11.339921031741104 43.89699762993349 187.16741111755712 3128.9765689142055 
28.629867553710938 17.750130890980326 86.73426137936117 280.48740770042195 2664.5524180354414 
25.20852279663086 11.864332266732088 53.132119032270666 204.34502523336656 2317.5041357062582 
28.671314239501953 14.65416514050694 67.53935223729985 268.1375018660967 2389.5012258161732 
33.22157287597656 11.320405744262192 40.991350212212836 177.58378681984465 2287.712565104175 
32.90918731689453 12.07306277610948 54.521757462559776 199.4435296976602 2544.7211823127536 
31.15627670288086 14.592361856643896 61.969454842929295 229.91593276515152 1813.956015915317 
24.33953094482422 14.364037298387096 54.651267261444154 203.63672924777373 1632.9712307670598 
25.85199737548828 13.15268218832672 54.81447574785517 177.58563368055556 1878.8977509403037 
23.932098388671875 12.311642954494882 46.53916416533333 173.49652803138528 2274.3046167574685 
22.91176986694336 27.659997026087325 117.38530640901735 452.34092881944446 2669.9150160163476 
24.287874221801758 13.149417403341092 57.45251076893449 197.3725699058436 1830.4608257002228 
24.639259338378906 10.09663043036121 48.735594141123045 192.50028058361391 4304.163455815041 
26.084810256958008 11.10724361359127 45.11634943981038 172.02232282116023 1973.1339329431767 
24.03891944885254 29.968354504831417 128.5439799259782 472.40911243643035 3214.0597907984834 
22.274545669555664 16.778899630716342 64.46101283579108 222.1021699193456 2864.2674190295775 
22.772912979125977 9.584875440005849 35.975318806194586 141.82631359170375 2608.6343619791674 
22.133445739746094 13.334944826199868 49.02203767007036 179.31461588541666 1911.3550677784788 
23.511226654052734 12.746892249745905 56.51222110104948 184.30674506588431 1730.4442205827038 
29.748334884643555 12.55537296128279 50.581911989867564 199.7821126547322 1765.401149900792 
25.60886573791504 9.532075642186893 35.39009865608917 123.36409744363633 1991.509054487188 
20.25117301940918 7.828413548893294 28.52159298144886 104.6402677717333 2117.36061342594 
19.02609634399414 10.647487802032927 43.54860968392626 136.74927135885636 1171.1878720002665 
17.68428611755371 11.05701550422445 39.09251256866125 129.99397583715754 1332.3868530919317 
16.865726470947266 9.849880252870836 36.927231775621436 128.76794617912142 1604.8968139968938 
17.532238006591797 7.2264722764238964 27.318764914276162 100.29049117476852 1482.7588661862005 
17.027080535888672 9.328977408507443 36.03323786680917 130.09916393660572 1287.0852063301302 
18.294374465942383 9.14354124372115 32.073970017694606 113.845458984375 1481.4900368941312 
16.153324127197266 8.980627971950339 35.853356393824 124.38011528036542 1291.6069273038868 
16.780874252319336 9.688018366939428 42.61547800452249 132.58055284288196 1528.697058878353 
15.826355934143066 9.420497081808984 35.77954529074233 127.93188577125287 1468.2012496378304 
18.6063232421875 11.949370702129837 48.36260730245883 174.87467447916666 1835.399687714291 
17.15841293334961 7.576422750834651 24.778512506102405 103.93789634747097 1644.8667721857864 
15.86021900177002 9.985150466365967 32.58096507040162 124.71103244357639 1056.997105224031 
14.980021476745605 11.676511560582755 37.93245393871777 140.6396240273018 1216.0210922506149 
14.603614807128906 12.70918767021008 44.19266476020579 141.8629432091346 1302.984813007862 
17.253128051757812 15.50708379449368 58.42122327204649 198.3637230282738 2074.2185777243694 
17.614763259887695 7.9491623303492895 27.518262264605212 106.46902798763459 2505.519683159731 
16.026060104370117 9.073237573276089 29.277055522604513 95.53492523133993 1334.4473172361484 
16.68433952331543 11.973205278131134 41.91223984959748 128.11162923177082 1287.1416696480824 
15.440592765808105 10.494983148346993 39.62404863496483 127.3383869327132 1878.5469468461542 
15.3804292678833 8.111737254472887 30.05090654238797 99.68880646518956 1293.4438975010548 
18.80036163330078 10.36445495546247 39.752338056498985 127.96181232079402 1120.4128064159813 
16.209035873413086 21.358200535629734 80.2112049452538 261.8007664943063 2863.8260898452227 
17.09288215637207 9.755283782635665 34.00452048782325 104.9779098843777 1073.3553458620163 
14.991039276123047 9.163834178931085 31.362222540036583 115.43904506910619 1219.7061122796474 
13.635191917419434 8.781078193367254 29.293802601479264 113.88069574977011 995.2069521201386 
12.878764152526855 7.600454852780225 26.167005468750844 99.24267578125 1324.4772955674432 
12.933574676513672 5.961911097685823 18.778080768502242 78.18372582609425 2850.290494791671 
13.485960006713867 9.023263926561421 28.811008605366222 94.4547776664781 769.0628914489395 
14.17776107788086 11.852118050022966 39.39112614147793 138.05202582513067 1485.4255193695815 
12.619998931884766 6.731359481292517 19.30581341895457 72.29788118923172 1218.2691567980391 
12.311558723449707 8.609561414044359 26.159281484638598 109.60456165710985 1872.5415690104373 
12.792523384094238 8.248513711713946 24.931840234036144 91.1833093470447 854.7662739466792 
14.088735580444336 8.033154725030965 25.72148950621039 73.73129229027269 842.3720872358234 
12.435770034790039 10.86832167767282 33.047993587860304 99.39119466145833 981.4602587754962 
12.892173767089844 7.37874009874132 24.844095836964108 76.27268182954262 1471.8858865806926 
12.027312278747559 12.603842272111368 41.90154144309438 138.00532058189654 1086.0803867288366 
13.985916137695312 10.128929219098914 30.750970518157363 92.4196247268549 979.2078388463685 
12.564321517944336 7.831618737429433 24.574149597665986 84.91143376098147 997.2533240312281 
12.04030990600586 8.12775251796726 24.20464121413114 85.58159722222223 1492.1608528645852 
14.178160667419434 7.977013038868772 24.005869703660544 73.95547381546238 1122.377058919281 
12.193694114685059 6.160802494972027 19.179018759079106 64.01236147586826 1483.6850863837503 
11.516671180725098 7.852021558539643 25.423155671087045 76.24503512174617 1017.6601025287309 
11.571415901184082 6.983402497178475 20.81562551230856 65.24190704370426 638.5682551769382 
11.302067756652832 5.8135175540091915 17.54766053827975 58.60974860913826 997.5173041213786 
12.218317985534668 11.501382008083224 35.3492450657503 109.45957212094908 1053.4247485565004 
12.39561653137207 6.939502466914014 21.516707376636724 80.3116914519102 744.1952223557714 
11.220146179199219 6.735158790532402 19.122906414363918 68.43171028228133 834.3459614814102 
10.137158393859863 7.036895855056648 24.073781216165987 79.12820393169078 688.1692200345875 
10.1563720703125 6.636432007696419 21.97340475573903 67.48165282654641 1014.6432224306996 
10.035905838012695 6.715012702122823 19.923802244448275 61.61545354556996 688.1800225429938 
9.79459285736084 5.5729512039101845 18.45594547964126 53.45006368585632 856.9265380859424 
10.178088188171387 6.413939783812831 20.087190565927692 66.16903347439236 933.7058751267105 
9.796310424804688 8.208066159081442 29.467294679584096 84.82313095785942 854.2535887071008 
9.675031661987305 6.2264764721659684 20.880497070455462 61.27331292398122 1094.3685146955033 
10.400017738342285 6.140342109233555 18.037081775092606 60.75898573133681 1558.536894531272 
13.587536811828613 6.361737659195003 18.94917323363551 73.45149061414931 527.3309651692728 
10.566169738769531 5.6619846427180685 16.619686471988015 54.884819940191434 706.0000977826364 
10.139047622680664 7.382400324315201 20.736199493725863 73.34093375157828 679.0614730626753 
9.553478240966797 7.049472727793041 22.480034281225596 76.51212964151078 846.7640986308486 
9.105081558227539 6.276209338780576 19.27792123173024 57.46118168325476 855.521506149659 
8.612972259521484 6.078208569719581 19.67554925087533 65.93781326924726 815.8083166176094 
8.787900924682617 5.7478338857760285 17.506713472137946 60.75597873263889 987.0728309619346 
8.53442096710205 5.572365174744014 17.46297604293586 65.53756005443084 994.2644196609975 
8.841806411743164 5.735914921916474 18.536908263910597 62.961759868421055 1126.8487087673643 
8.541751861572266 5.432628190746835 17.207097732916562 61.48536541977807 1282.6408956741263 
8.587197303771973 8.504830885746953 28.659550636349344 69.88250054253473 824.6781047520445 
8.384861946105957 5.042861211156714 15.073158422949358 52.96763018398736 721.2014811197971 
7.738041877746582 5.206594696128963 16.661691609212117 54.21905709465514 746.5826238951383 
8.194364547729492 6.065044257885634 18.402201306882397 55.42899259347603 767.4532996881927 
8.199081420898438 6.922706301167618 23.480066852356565 71.64729444698659 638.9137141851164 
7.845639228820801 6.607188880065755 18.47400330402452 60.29605538842006 1167.1336954739465 
8.073953628540039 6.121647854749466 16.946806592046165 57.18312422187805 555.9642762876065 
8.530186653137207 5.342547343940953 17.11366853601111 55.84853013393626 1560.2342447916676 
7.8434929847717285 4.804356559331206 15.812454801416298 52.443895707219994 946.4113606770837 
7.7655534744262695 5.641643189452968 16.87439335160019 57.045869883040936 812.7053058178207 
7.890262126922607 4.752697779712688 14.869301023531406 51.44430277107371 873.9535525194794 
8.014189720153809 6.576530814089313 20.363264817537694 63.49867507309941 1109.3661931362994 
7.8459153175354 5.876209750135252 17.499150787746927 61.937371668761365 924.8785017655528 
7.820929527282715 6.235000507629924 19.2172289189997 56.23463326066902 1197.128465279623 
7.730631351470947 4.953328226748127 14.745633457405582 50.84163350954863 766.5024886530634 
7.636632919311523 4.763008798223676 16.90124718749243 112.68583925642427 3371.5310329861395 
8.260451316833496 5.588247739279372 18.364067426834147 60.827440417726635 579.8789197782363 
7.573180198669434 4.915179829951185 15.214135808287832 47.80090277777778 956.8007465325733 
7.533459186553955 4.583081926618304 15.906774567254441 54.421173007246374 1175.5886132406406 
7.183006286621094 4.837399202806262 13.717573165343044 45.54851938589179 915.7445529513948 
6.97458553314209 4.70522019054734 13.25273865926182 43.55480358981904 1035.388488963297 
7.0343403816223145 5.224170524691358 16.517726197023116 60.795371353741075 789.8512083023322 
7.101990222930908 5.462807085197722 16.44091948461969 52.277515607907745 938.2508759094521 
7.1942009925842285 4.4482321915331555 13.25523213078916 45.63737450122046 876.401096263521 
7.111697673797607 4.949467904922882 15.096152319163547 50.279443607563856 801.1498140585571 
7.074013710021973 5.381130244556406 16.734455725799684 60.24810659801056 1062.4325019269668 
7.18042516708374 4.395095108914055 13.312368637894153 47.63888662900529 685.660532174066 
7.128362655639648 4.620516813222602 14.26883525721995 44.37374401675438 630.7080955494272 
6.808470726013184 4.642774260133833 13.112195748100342 44.3675965829866 566.6199144526496 
6.625123500823975 4.84215996047512 14.263177602626183 59.38399029909954 983.0304704290388 
6.853808403015137 5.039400014766971 16.442446307558697 48.080453482593406 596.1974000226655 
7.0471367835998535 4.444867983857789 14.623427818367793 47.1711982044786 1004.3070014105947 
7.132741928100586 4.400235709744314 14.40402850504449 47.06910530046317 867.3380772465642 
6.921418190002441 5.772665731512903 18.74309604451548 60.23191314418711 984.7874263801107 
6.815079212188721 5.245237562391493 16.19823277607506 49.60478437250688 684.1530624760868 
6.6916656494140625 4.9348228209726885 15.428028776579172 55.759800965573476 733.0237215814969 
6.486998081207275 4.173321075444305 13.535496296123128 46.95886468855219 1198.2091130332399 
6.272245407104492 4.754753924701306 14.458321759997489 59.136020236545136 1075.2885166266253 
6.586647987365723 4.887577088912181 14.851776634675048 50.416160940820696 800.2339767822816 
6.3036417961120605 4.125214558754875 12.451346411785767 45.177647558412495 1026.3985351562542 
6.195368766784668 4.54390127133784 14.081104766795224 46.26826113243627 750.3333292643292 
6.30263614654541 4.970683470643015 14.95026024456402 57.53596647989912 621.6284481420538 
6.116673946380615 4.370143124957764 13.217812033842147 47.70747514204545 1064.192334996536 
6.148921966552734 4.528086935678526 14.392593361591999 51.17725760206229 789.0157263307209 
6.154404163360596 4.211490477721391 14.068485186719725 52.47134212800315 707.2952244749999 
6.105928897857666 4.044045706843854 11.91673045245187 46.87226734857601 500.69949320874264 
6.149493217468262 4.146234711737734 11.292647936964416 44.81182861328125 1338.875360243063 
6.0524582862854 4.693886763441056 14.265268976124487 48.37919485454589 781.3948573856446 
6.213792324066162 4.260514746251794 13.814862113454852 45.77237725686139 776.4143337673652 
6.0505242347717285 4.553973193657527 12.683072720249584 45.403547618761024 705.7325078192882 
5.981319427490234 4.200035407529239 12.54429380860082 51.70378689236111 982.7621809895978 
5.840785026550293 4.104742338717862 11.653645940409579 42.77985432942708 955.4408000330982 
6.095112323760986 3.88334087835681 12.592011393480163 53.80128866718271 970.6673556857673 
6.10196590423584 3.684665275424988 11.401792557836435 46.07045619554695 655.9950061274546 
5.8679518699646 4.031935410977953 12.085347715181678 49.43535695526832 1321.5542658632965 
6.152817726135254 4.474297363775642 13.837985456164407 56.559514281253094 1228.0296565755334 
5.984546661376953 4.201409522605153 14.592241882026908 43.98366787662612 584.5896419270856 
6.067751884460449 4.162532172783265 13.164450899259348 50.76432050985829 576.7383007812513 
6.009604454040527 3.980319337973426 11.620216652412678 46.04051038953993 653.7891355812735 
5.71674108505249 4.2272456438453325 14.057426691156078 51.6436593442129 856.3833837115652 
5.808278560638428 4.24905998563287 13.970433594787673 47.12171700470269 454.68029752075455 
5.803098201751709 4.109227925263602 12.215893483934027 43.18086403594786 467.97240559895897 
5.642236232757568 4.19167980035086 14.074552726152369 51.62860590701415 489.61796013327233 
5.8172197341918945 4.009488930460223 12.164358259745285 47.71380387543306 1095.5508873588897 
5.573922634124756 3.9490663446754555 11.900146535734567 46.89922417534722 1024.9312706801595 
5.353967666625977 3.8732926303116733 13.101504959019433 46.460467885311076 856.38947093587 
5.588212013244629 4.189712567151844 13.235089861375645 46.255158525820214 875.9652061829522 
5.5616888999938965 4.374776321075119 14.294358494471929 49.556193033854164 643.9687598642747 
5.543671131134033 4.4938162500797825 14.38003090169222 51.54444253663004 557.6051276041679 
5.812502861022949 4.69308626565748 15.029434451017401 66.16939611148466 722.6653256173843 
5.590310573577881 3.998048228173988 12.632511298766502 42.257288793395674 751.9113747153265 
5.319672584533691 4.208808068064182 12.963561450636124 42.33770366320394 990.3802447916685 
5.281711578369141 4.078310727265397 13.921004889009248 52.427696078431374 496.81298242267917 
5.231066703796387 3.7937876039753715 11.81077546335819 45.69409264714533 373.695787031748 
5.247900485992432 3.808409562590477 12.834931836050774 48.26933758570675 566.4310563088405 
5.176495552062988 4.095054218434902 13.414599424362429 46.85697134169822 534.2553317045035 
5.172572612762451 4.400555704101422 12.375548044213916 52.31542564047955 789.3163056526315 
5.027643203735352 3.8201554504751463 11.607903152381233 41.05360195407372 554.4122740574252 
5.08931303024292 3.5878905931715153 11.323388930644285 43.370868176885004 584.6801416255583 
5.214760780334473 3.710691979533853 11.201889942202097 45.150074869791666 546.8990827701316 
5.2466912269592285 4.39419974230856 16.83469946454469 58.54630517347144 610.2035747045153 
5.330892086029053 3.7927900364264193 13.202653616111434 49.90563799942051 532.0867263454874 
5.7241668701171875 4.2583598217933005 14.418050422349761 55.214988425925924 802.8865888029299 
5.270761013031006 3.9413087214754823 12.623468187276544 55.41990594585216 815.3225787632789 
5.191129684448242 3.702211300578371 11.912881153104827 51.255230469019395 693.658109537762 
5.241281986236572 3.7487822575765644 11.849229207815593 48.869702536417584 708.7033287183599 
5.182067394256592 3.9919107868014505 11.644163129654686 48.31017795138889 602.104919467793 
5.053002834320068 3.5628103146613213 11.112321992752761 49.522622024636476 788.2274749995617 
4.965884685516357 3.743313466880047 11.677873506818328 43.41337259231996 549.3142416892455 
4.974942207336426 3.5906875756994667 11.04642019204229 44.90267361111111 656.8278004655228 
5.072242736816406 3.861438726406245 11.462091191374956 49.175998263888886 1355.0250063827634 
5.051838397979736 3.6710523571698004 12.80904012811504 48.19414581028761 591.7298026491927 
4.968184947967529 3.4900715230111397 10.817458021184475 48.63141452680878 784.1998766025678 
4.89581298828125 3.4682364642795362 11.919540463286928 50.265160454644096 633.3169917366764 
4.954895973205566 3.622875524751403 12.10052450157826 49.50730251736111 765.771582448595 
5.022160530090332 3.8320800170814167 11.261583852302328 45.527929089108056 679.3728743489586 
4.973471641540527 3.3694409461331207 12.07412649156702 50.244102624774385 551.6304946141692 
4.917067527770996 3.631304779836452 12.024603825028521 50.50483030400457 693.3393393474809 
4.887029647827148 3.5849060266485275 11.444182887177918 45.512435175706486 470.25847460316805 
4.88864278793335 3.514627253565938 11.840876152754618 47.26947109296872 605.7944248402488 
4.917938709259033 3.5976048176257556 10.024159869239337 47.979521114548184 535.0515551448693 
4.875331878662109 3.488348919053877 11.541683463845425 41.66144705836686 770.7365993923623 
4.811556816101074 3.742732813268731 12.063363013333095 51.15458679199219 777.6610901146776 
4.720870494842529 3.5903725442616645 9.943800771999676 49.51689417870036 630.9865216424998 
4.700122356414795 3.676940987913868 10.492272030543582 48.35408249158249 781.0927923808055 
4.6477766036987305 3.596308445935663 11.775164193004478 47.58788101509811 938.1410612459875 
4.633224010467529 3.494503130762794 11.533290756173495 52.18043619791667 754.226237699478 
4.680581569671631 3.465820084427259 10.810628341260665 45.5515659034876 620.9924899043276 
4.672878742218018 3.5688244291286852 11.604375043767988 50.95714134662621 462.10733574871506 
4.691412448883057 3.5601842366053345 10.86621490081564 45.518280141843974 941.0396281645573 
4.723426818847656 3.5448475686676133 12.92921484088975 41.37454545046033 545.0735741822804 
4.630680084228516 3.3507103061688004 11.445069744433157 44.64121285685215 1043.6391948784833 
4.617855548858643 3.771570187621108 11.292460239842871 52.94249593406056 1046.7664101860569 
4.649003982543945 3.612750438756988 10.28794024174034 38.9478605292183 639.0450984649217 
4.620227336883545 3.3732063080500065 11.350080394898479 48.41237038399844 819.3289809978723 
4.689754009246826 3.489098387894525 12.869842819305198 46.90286167905824 819.9896028754827 
4.660342216491699 3.3193192974574015 10.772992196221427 43.516285221742976 585.4837252604171 
4.590157508850098 3.4251951016828817 10.615116944725616 46.111821851245736 593.494939943126 
4.476975917816162 3.4875794690875903 9.931582133460303 38.655469698694596 877.4022744247148 
4.536991119384766 3.1912850637427574 9.847163084322814 43.56042300424041 602.4585316370028 
4.483076572418213 3.3028888657744386 9.858688433990501 35.136428365049035 664.0896675590138 
4.4123215675354 3.3242710174198433 10.20662664081218 39.41261179997619 656.9496840533094 
4.458230972290039 3.344301294397425 11.007864159905806 52.021039843824894 814.8903320312512 
4.414085388183594 3.4639137374809423 10.584030770753444 43.637914528631086 725.5153545836794 
4.361339092254639 3.40616782596368 10.801380670235918 40.269827178030305 721.4606289787655 
4.413445472717285 3.363356958392598 10.364365313018528 46.5781479323146 1791.7207066993499 
4.462656497955322 3.1536840450170107 9.35701635069258 43.04155440663057 1002.6492541743327 
4.491794586181641 3.366884880259826 9.375401169820641 39.92196397688446 1299.0085081658042 
4.4189043045043945 3.260964014172105 10.26394838922101 44.19509947084253 554.0893759784768 
4.384927749633789 3.2634878158569336 10.110175271388016 43.26859085648148 704.5849403162722 
4.336421966552734 3.3952838879772136 10.563961414936262 44.54573134003284 818.1650901442462 
4.337217330932617 3.4221623004767827 9.884959747087184 53.75244931635216 1384.9820279113476 
4.404404163360596 3.3736628060042864 10.685632036830462 44.36932435784049 885.9806014623426 
4.391626358032227 3.6049487279449424 10.721503806838676 43.78692062679814 1024.8844716556696 
4.254576206207275 3.508821844327938 10.489703127743553 40.992805032169116 738.3840964425912 
4.2503886222839355 3.3924920894663844 9.603577832889066 37.82027745133362 869.052414715592 
4.379210948944092 3.585436695621709 11.05652576321751 40.60600743102982 539.2929687500007 
4.28555965423584 3.52872583253332 10.96330158733535 41.79913547490873 703.7766948768008 
4.336694240570068 3.447556740799014 11.229674558580616 50.766804419560636 699.1017627828288 
4.211300849914551 3.545814029963134 10.422311347726374 54.13995648848231 844.8563645891943 
4.344313621520996 3.122634564830803 10.397038192588607 39.86156072199333 986.303695959019 
4.168905258178711 3.31015276065223 11.394416666592118 44.77088066126401 515.8686010739799 
4.171332836151123 3.1106074036455635 9.368636368370954 43.92768012152778 979.0665359659156 
4.1414971351623535 3.091990384632779 9.393226676015175 43.163393373842595 897.942904443685 
4.149639129638672 3.155684909254062 9.605135103173449 37.6372937304189 632.4798380533882 
4.112817764282227 3.40739238312788 9.97435965739744 43.29660090606861 660.9431913488093 
4.120471954345703 3.3638286835748215 9.652807956380599 42.331868489583336 590.3523931013897 
4.023943901062012 3.2045592427903933 11.214198845325516 45.3381153267666 609.245921390233 
4.059628486633301 3.224342232554027 9.082669146337803 42.724712619591145 814.8312009751994 
4.0218329429626465 3.169187117385073 9.721059870560886 37.619943783068784 739.1170541268849 
4.0298004150390625 3.255890012658069 9.313341691937477 38.91470959595959 596.1342977866917 
4.012476921081543 3.345642041121165 9.43494230742542 34.757860853227236 586.1464884449069 
4.027568817138672 3.2901945145898424 10.19335999262827 41.83929822315435 777.4206253589258 
3.9966793060302734 3.334940723706317 9.46455382638307 38.43469255450071 1074.5155394709996 
4.03167200088501 3.4916296822408652 9.226764192657747 39.41405381944445 668.4269571453902 
4.085883140563965 3.4243142908115582 10.024569335094467 38.52242198567513 1090.7557210286516 
4.11102294921875 3.604408172154051 9.670773648924785 40.78901190691957 799.8408923091107 
4.228939533233643 3.6475201327674394 10.759410140357648 51.781149455494166 732.4289653799048 
4.323648452758789 4.937205106766116 17.95136437399283 86.69616379891565 1210.0984893109996 
4.6801300048828125 3.500573558241487 9.990838675177429 38.85500636245265 523.8612936949155 
4.10902214050293 3.3388426050228244 9.826349894158067 43.740401656539355 585.6549930328538 
4.001332759857178 3.461399150597287 10.039780477432858 40.84739868768915 401.0835723447857 
4.000565052032471 3.396035808451722 9.532359103699886 37.79927794839091 667.3391154697039 
3.9248087406158447 3.1942746556038313 9.371784277601474 38.07957071408725 624.0712454835108 
3.9720194339752197 3.2567819076385893 9.999354609684936 43.03561864399175 745.8945001267678 
3.9783599376678467 3.238462787697249 9.452011996845691 39.755833985329176 731.7779492503425 
3.9248955249786377 3.345617712294852 10.015507633545052 42.855674449251886 707.0919502691245 
3.90496563911438 3.1708541186109085 8.832651525204234 35.20889892578125 591.1383052884632 
3.9454164505004883 3.3373464382943316 9.402855389310263 33.46910776877527 540.4082879577043 
3.8651185035705566 3.2757991224446505 8.651406071661608 38.8950885371938 627.7125871335307 
3.915731430053711 3.359723940634374 10.832243441473247 38.68203011464172 743.6524509526251 
3.8755922317504883 3.158218168909982 9.225601684407584 35.92278906167354 666.4451284196891 
3.894259452819824 3.3812188361823172 9.519434452330074 35.22459774925595 656.4820421006967 
3.983860969543457 3.237622292126477 10.029197062334577 41.89181962721429 668.6051435917859 
3.9161837100982666 3.276579385688805 9.668225577527057 37.567456311954174 1233.7967536335098 
3.908640146255493 3.107041387137972 9.149956479809433 33.33523319922515 629.164168294274 
3.9444689750671387 3.3747158684240746 9.471840925908834 35.718278241195726 904.7513615347598 
3.963996171951294 3.141427058279886 9.522923976943648 36.04873631076968 546.9301199267912 
3.9062509536743164 3.230207063148949 9.37842488495146 37.51313069661458 958.668844927965 
3.86295223236084 3.1106158515257616 9.548597304697868 38.586519928467546 634.0171046943584 
3.8983981609344482 3.248515464491473 9.883647761357803 32.846455597071255 634.8088671659931 
3.831470012664795 3.1026870702591323 9.486974411923896 32.67042460160781 706.9066173028796 
3.7987303733825684 3.204494489626819 10.163773776164621 38.501323784722224 610.4631332414673 
3.872936248779297 3.13024623591747 9.367714742400846 38.86100877714208 441.534299528504 
3.9239273071289062 3.7242058235834423 10.909626972114363 41.40787733132377 436.56113120054 
3.862412452697754 3.262240491541238 9.20872395774526 41.7782511030576 713.608376891954 
3.8259451389312744 3.087302562138148 8.650038476660722 36.68309294871795 494.5846237610535 
3.823390007019043 3.2247545301112233 9.1995468445374 38.172632210731024 531.6340663315301 
3.776963949203491 3.1890236995381973 8.968831525509643 37.989195783720476 938.4384560243914 
3.8454675674438477 3.1919262250911835 9.17628960443886 38.098706120575855 615.2446436031813 
3.799790143966675 3.316348711501619 10.140707648622747 36.35652317105936 602.134981258773 
3.821521759033203 3.236964631113567 9.880367145175114 40.57946502016045 752.1018712515802 
3.816702127456665 3.4560168552292363 10.112993219549129 38.4294679626938 621.7610418817546 
3.8229219913482666 3.269101227205905 9.45417173588325 36.704178010574495 853.8834424785643 
3.7718563079833984 3.1748944404386 9.632286618672786 40.14317313126971 633.3134729877711 
3.7113776206970215 3.234313266651777 8.753544777508862 37.528130904183534 715.7255826822953 
3.68741512298584 3.2415373947734456 9.656359093096878 39.56158753527175 500.1093236678714 
3.7463066577911377 3.0438290232737546 9.657406035683124 40.718268477897816 468.4855034722229 
3.6732981204986572 3.452948280786025 9.746675335620269 32.8583164983165 507.16757902461916 
3.766719102859497 3.2481464588196363 9.503432261006356 37.414259218994864 378.55010858837943 
3.743778944015503 3.131507785908007 10.06551826479108 44.035893922211024 476.7956972764938 
