104.3893814086914 24.75190345214295 131.67017860354784 472.2256432123966 3308.97468311203 
56.515254974365234 21.468031091758338 107.88809727892055 400.89857962539827 3893.7976043776557 
45.74039840698242 24.495280932750727 141.55953342431638 500.5728732638889 3199.144224271243 
62.63364791870117 52.59165046305289 301.460577514616 1039.068981944441 5744.232137187137 
54.2696647644043 26.627840359547832 158.92013693697777 563.3564649790923 3256.0845429343467 
45.27735137939453 24.41258450600331 111.93248479600342 409.92516133273534 2578.939252553847 
37.222530364990234 13.159557695413437 63.60641854525926 214.41628008756746 4300.485946180594 
39.636878967285156 13.109635451091004 61.864386598805 213.14148253709178 3613.2537326388965 
40.01019287109375 17.47704326923077 84.30325099340465 292.5085633138197 3232.164500868067 
36.673431396484375 22.918151630697764 115.75074097874949 438.0131585054672 4508.262378683473 
30.74174690246582 15.33469019487511 75.49243814026617 221.65203871254087 2307.524957682293 
33.0374870300293 22.605438455098028 114.36841031338876 391.5351236979167 2678.712954837867 
32.85661697387695 18.470956152735763 87.01024937496294 274.0127595405665 2166.352516852304 
28.597957611083984 18.4960278198848 86.8713911713269 300.9339974173002 2328.40010046823 
27.796358108520508 9.39600151746871 35.42142869105594 142.34696421463286 3919.9677784455375 
30.5590877532959 11.87170485615787 52.3814927779139 180.72138758775984 3526.937304687514 
29.22020149230957 13.219982630888888 61.57081703912747 192.51223853112882 2106.281399313761 
25.775318145751953 14.372624447378998 68.2553022832804 178.851941802332 2227.6548799094753 
31.15680694580078 14.700784785837717 68.55184654572759 224.12112106855054 2257.722746432335 
25.350868225097656 11.7486541590937 52.56745940620404 160.2535083912037 2482.2164513425573 
25.21599006652832 15.153673041044776 61.59328164145707 197.18551417103242 2753.14565670362 
24.568323135375977 12.972493489583334 50.576528042598014 177.50412263151057 1988.6344818496068 
25.405019760131836 17.044418956206844 73.1979191219164 233.67972555656723 2216.0974926329504 
26.135456085205078 14.959201147023313 62.0532823597583 210.56789875161053 2187.5196754793337 
23.382667541503906 12.813557034157363 53.275644492696706 172.26969401041666 2395.3004836309815 
24.963809967041016 14.118377137102557 58.21513502655223 194.1934771291382 1875.542057239124 
22.362548828125 11.451216595435055 48.01959954086064 158.0430562156099 1674.18627075463 
22.81616973876953 16.13241839686412 64.67250514926141 203.490051898187 2204.9281021641755 
27.5867977142334 17.358395311634162 72.61634684183349 239.21597690473172 2294.3938006188037 
24.301084518432617 14.941993028903806 67.29917219639175 213.3562991073572 1880.2445634398834 
22.58102035522461 15.345681463724585 67.89219371446862 221.73404582037622 2192.516505211034 
23.748626708984375 14.139309342155093 59.15326999009531 195.02816023825645 1608.949272269622 
20.126712799072266 10.229610476823051 42.69548806743654 130.78668181603334 1181.922174730211 
20.015554428100586 15.848163376196466 66.94494836196515 224.34306724423342 1462.6100056403707 
19.22872543334961 14.878767653722068 55.48806450039436 186.50111052859793 1480.6321932502804 
20.101150512695312 10.22065033955793 37.56231263175843 128.87719781885593 1344.6564344618114 
19.59741973876953 7.557221069617335 27.116638624042324 102.86968557098766 3097.790963541722 
18.532684326171875 15.428948314857218 57.76786828679614 186.32869972461745 1513.7058184155908 
19.765474319458008 8.73189458725932 31.72582247253673 98.08574508250693 1492.9426012087115 
17.315807342529297 11.730139042403536 45.3236969410396 154.2004450664409 1562.367871853899 
22.655094146728516 9.681999504732813 36.4509286426229 113.77327044687124 2169.4468912760567 
18.849498748779297 10.742599657592153 39.19739276801181 138.27748984932597 1383.104662128105 
17.3839054107666 8.850168686126418 29.631288277453677 111.46470269097222 1758.5524555495842 
17.365346908569336 7.928845807792328 27.282747813207436 99.30601128472222 1771.7989800347327 
16.35520362854004 8.752801743684945 30.70239536518953 105.39515839425012 1824.2068776709511 
16.627445220947266 10.019178304334554 39.68244670822921 135.01632855085427 1682.8960808722577 
16.947744369506836 19.226174460727908 69.85055992216644 252.82476265822785 2254.3689505404054 
17.065420150756836 13.483601151201162 48.90360021258557 159.13864437417806 1423.5167906664285 
18.132017135620117 9.01723214603247 28.753135724648878 108.38737171350259 1454.130114797603 
17.14464569091797 8.0923740259246 28.539664275078895 98.90503472222223 1236.8838837139476 
17.537559509277344 8.559108298656955 30.76779599257646 104.30359907230883 1350.4314671086167 
15.165067672729492 9.368365524969503 30.85496737231296 109.8298210663687 1220.7024483112386 
15.88281536102295 11.878416839704997 44.87842528769021 140.88699578591795 1925.2347441410582 
15.34533405303955 8.246316246356336 27.800181295492813 92.08385837983927 1454.6180628444824 
16.5538387298584 8.359218170372037 27.874962529638474 92.7498908678191 1433.8511982478321 
14.71170425415039 11.889537217256622 37.292302096719126 133.4285041647781 1554.9687424957917 
14.95787525177002 9.50526552230197 33.23475545637481 116.76560336906213 1269.0934440834699 
14.139870643615723 10.830483642594574 34.128687772273025 110.54387078815242 1107.9207804431967 
13.697958946228027 8.951687441868794 28.29971492611974 99.31438047993622 1001.5882022224819 
13.206998825073242 10.922940165989099 33.709999591274226 117.92772315014368 1329.8403803001383 
12.571965217590332 11.227961432655938 34.517582966714556 124.33792846000645 1156.5509817724505 
13.80821704864502 12.778432761794956 41.93831658609899 149.05494256215536 1274.4661211949915 
12.514690399169922 6.548989068314726 20.733055185181897 72.31881884074177 1166.8762394831824 
11.90318489074707 5.853582005300816 18.59557452791099 59.240646312034414 1063.131748638744 
12.501920700073242 9.496339921325259 28.929650188857558 88.90673263564314 931.6590228589566 
12.159673690795898 8.495617924651109 26.370469595308172 92.70082003687948 999.7637125651077 
11.372028350830078 7.460076957143644 23.765860830166286 76.56962842430826 976.3986434761151 
10.904203414916992 6.962837642871423 20.409831939051085 68.2947634250916 509.9570827004645 
10.153044700622559 6.252644997665463 19.387802588536108 61.9156927525528 791.3459601416206 
10.315323829650879 7.7188121652131185 24.327707051854688 78.86280141159092 793.0467719821105 
13.422935485839844 7.738154050239274 26.571775678089182 111.15351924189815 2116.830428135957 
15.436800956726074 8.476509115944047 25.90079340857207 88.03694534925805 819.588343641495 
11.032389640808105 6.8096618860493265 20.638843830721882 67.63767651841945 823.7654947916676 
10.051835060119629 6.262115318889681 19.537792659920516 64.15762827759166 688.3022054036472 
9.564013481140137 6.144221377149989 18.254204167573178 56.15667377515311 1073.4374060303078 
9.507308006286621 6.521850647699525 18.02225484827477 59.11235692146561 579.1982940739782 
10.276196479797363 7.430192882887983 22.601364225940884 73.55074231269619 783.0802631383739 
9.85473346710205 5.529692315243622 17.173330474755673 62.16224223568386 605.6676200274883 
9.859697341918945 6.203096479219321 18.61966524007062 63.517941129320654 920.3903599211746 
9.105696678161621 6.086415554067763 17.856403215625797 62.686909261139796 955.6993389096264 
9.325592041015625 6.317250436078463 18.134614516608515 61.01009792037723 578.7074086523816 
9.251096725463867 6.3935912129241865 17.282568917764877 57.74332439523418 658.7026660156338 
10.72209644317627 6.642712065734144 19.056526412940556 60.3189380186905 807.5948808092976 
9.181893348693848 7.511291457242353 23.66348289455582 77.15315620421515 503.5026204427096 
8.975385665893555 5.32215470519056 15.377594946260432 48.66864522298177 637.0562579653243 
8.401579856872559 5.227646675884251 13.812313456516403 45.122933846932874 675.3748707682339 
9.258416175842285 6.532350978058364 19.847689682305862 56.584366423836066 988.6335963238179 
8.651776313781738 5.638033061481142 16.565743379189186 53.61271117064821 545.4576776089975 
8.402670860290527 5.605138819764548 17.68367279872086 54.739265046296296 650.2951683407738 
8.495573043823242 5.589897044288004 17.349038026791415 55.459045035925485 595.841024758537 
8.372048377990723 5.233030681368671 17.879683719014196 59.30344046055151 701.4165024843173 
7.993202209472656 5.437479521315937 16.798915671509853 51.763408586090684 557.2496176081321 
7.877191543579102 5.395134623785319 16.626163165222415 56.1114462262763 577.3466729973361 
7.6518659591674805 4.650962974428941 13.798850734381523 41.368014865451386 758.8415254173304 
7.549093723297119 5.33752515783413 17.5303852164132 56.4433339818096 620.8996017468472 
7.609063625335693 7.011336105290728 21.73441279710935 68.19823348078882 806.8674137299 
7.567007064819336 5.356004705419235 15.81796791311255 52.980410895848145 681.703706924913 
7.477131366729736 4.756714076345034 14.617556934550059 51.327285075874485 546.5557196267059 
8.807596206665039 6.008836115344614 19.050907925181182 66.27954490130269 574.685373762041 
8.825231552124023 6.355428869496989 20.72834260425371 68.18280532563092 740.1441584607592 
8.041152000427246 5.918572821556932 20.001392144817903 70.96217024875118 507.5802938065743 
7.491267204284668 4.780702365615243 13.837142153033984 47.168423520938035 576.5745279947937 
7.032851219177246 4.752561034118044 13.31611382229055 48.99288918708622 493.049376531865 
7.1339006423950195 4.341028605751182 12.94736172191093 50.07132101016799 641.2731163673225 
6.97493314743042 4.924699786942256 14.529780053259088 52.4497744681523 547.5411767937721 
7.323156356811523 4.8581851494840915 15.741058163988747 56.044438460274975 693.4980188430735 
8.343225479125977 5.654898879874466 16.12213923138451 58.7998046875 867.5767809172193 
7.410203456878662 6.184324894582971 21.9719922869205 63.66109371360759 641.2162550257225 
6.898410797119141 4.512936878179869 14.569192342043461 50.91125773225957 466.27131288069967 
6.759690761566162 4.325223750113048 14.537783574957015 45.444488197244624 615.3287962806612 
6.926214218139648 4.625271244067442 13.734405004690103 46.985719640954734 705.3570035525707 
6.752562999725342 4.366989968989971 13.422259559878931 46.131902716167176 518.9218303206746 
6.7349958419799805 4.336952492067473 14.824457592273905 52.028014603751664 508.3531064059964 
6.564661026000977 4.768283197663924 14.8950290109156 49.78254149075975 664.1621779648575 
6.546360015869141 4.521937292974475 14.228833424843167 46.90920832615294 628.1729884924586 
6.618745803833008 4.92628068022553 15.320484737221527 49.83716030864076 629.4372676750891 
6.618108749389648 4.276263250678989 13.620064684473949 47.840944480301545 497.06975474562057 
6.573031902313232 4.702468508796142 13.631237552534877 55.583424048356214 536.4550580510667 
6.754961967468262 4.080827453223812 13.150915647526533 41.50927542255472 624.7795776499865 
6.371520042419434 4.073775552217864 13.222175828872288 47.25021246720615 518.9838639778618 
6.409837245941162 3.7816539101543496 11.452586068709127 39.648498879539346 617.7705490451436 
6.324123382568359 4.9184222271357445 14.860684890399572 49.94674167720626 676.0197121140221 
6.264191627502441 4.503436674797381 14.459688181570518 48.64149997698609 505.97686036685377 
6.22685432434082 4.05809114817404 12.550208965588721 47.45441573894805 546.1559983551989 
6.6222381591796875 5.236903424566943 16.489921740927898 52.74163006999155 452.3758202813711 
6.695298194885254 4.880316600905581 14.411245171801106 59.03258487539703 516.647927321739 
6.169638156890869 4.1660256209668445 14.457829235673586 51.181250968091696 593.3006062825579 
5.972330570220947 3.933452299245024 12.281179954542152 45.72192048183622 597.345379774309 
6.0469865798950195 4.0836721828085265 12.860727512872844 43.638154616293605 569.5190573805712 
5.957672595977783 4.237017214730267 12.149094361222424 46.834167846165926 718.2048572196978 
6.450042724609375 3.8895066636373565 12.76395491768633 47.02661735628858 503.15230711017284 
6.006411075592041 4.4414388031845915 14.264881378556737 46.16066688732666 396.8775162706155 
6.138346195220947 3.9731453941555164 12.514956766523396 52.586726797700905 462.30083240327457 
5.805867671966553 3.8547530214836105 11.95152596860176 42.28801243137186 631.6282986111113 
5.9730024337768555 4.244517660895959 12.23346155614141 47.01975584671479 644.7711274748006 
5.701643943786621 4.232575409847296 13.096448770130767 46.58582421030151 482.87196527777843 
5.939350128173828 3.710350890373087 10.930524603171264 42.66383731496269 567.1845865885439 
5.756439685821533 5.129773690560805 15.463011964627867 52.12092770449166 762.1950412519507 
5.599782943725586 3.823375545182497 11.478083998030174 38.114286599505455 393.4219961040877 
5.485342502593994 4.334917789009221 12.027552114689222 44.57461589030221 487.3162095811645 
5.507870197296143 3.7158871260863475 11.307972590588795 41.81135338427005 550.6782630385718 
5.792880058288574 5.373836415432494 15.986041939453582 56.10650104112622 655.0531340639368 
5.561805725097656 4.050517595988483 12.608975098238442 41.77278823887116 412.43350558810914 
5.5921220779418945 4.289851119163564 12.64671823992721 48.00171511131596 359.64020056680937 
5.4924187660217285 3.8124516276843345 11.863879988953759 42.6206221727338 510.27625461154815 
5.502328395843506 3.7604772043442867 13.319184270088844 39.79338067299364 553.4607477442771 
5.6092400550842285 3.751247343928575 11.894234610053298 40.701245903755805 513.1844153402938 
5.5220746994018555 3.775410501647481 11.8068590412318 40.655415852864586 589.0215086294999 
5.446145057678223 3.7948390602252675 10.876218915357157 37.95558799209422 524.3530883789069 
5.391781330108643 4.344862496684824 11.820881663986203 42.147563296831336 538.498429361983 
5.4349799156188965 3.672121294285259 10.924105075439618 43.889409722222226 593.4039150641038 
5.261866569519043 3.6671973325716514 10.448611065944366 37.431752178121975 693.3530959890794 
5.282210350036621 3.8096712912775184 11.074091489695622 37.00353333762974 735.4138418689904 
5.244805335998535 3.5768147042792378 11.10846515096005 46.097177181603776 694.7336100260424 
5.126161098480225 3.897796907260332 10.501542615631514 38.71506452667926 624.5045818142371 
5.204928398132324 3.807447919428372 12.39769773308377 39.268878506143125 825.9362254831734 
5.219132423400879 3.588454672932177 10.212234264479335 38.93940372673429 747.4846517002256 
5.333042621612549 3.569169954477247 10.285844259786304 44.47440843621399 809.992739276504 
5.115677833557129 4.4197443754975625 13.365214509247446 45.601199192451325 520.2609631415356 
5.07413387298584 3.68213127983941 10.281691141371924 44.06344905669779 669.8347249349026 
5.025715351104736 3.935421865098226 12.212781324882322 40.461811130034086 533.5064407533912 
5.037365913391113 3.7244724912631053 11.301712888010345 41.309036645812085 629.2973636323896 
4.940539360046387 3.6391985835789717 11.0759768100407 40.5789739209508 898.2782743566308 
5.12710428237915 3.554814579210489 10.815674206181036 43.56968417213642 917.4805338541771 
4.933597564697266 4.012859447883751 11.576296352766018 41.05772055770219 665.6363216145877 
5.126984119415283 3.560571577441665 10.65324652475701 41.70216297928852 851.280662209806 
4.9671502113342285 3.644490466279672 11.579834068734893 44.515361073126265 674.3612231554674 
4.76453971862793 3.4393124714514656 11.416800540754547 39.66637914374732 619.6044404235879 
4.767773628234863 3.9715208763551884 11.883197490794139 39.470893903116675 561.7621946304602 
5.003571033477783 3.561079256867026 10.604364090877114 36.840059154279736 520.1696289664228 
4.872175693511963 3.6533083811514007 11.379464363208573 35.08826135706018 530.004623554631 
4.708621501922607 3.3650539124409704 10.091195787946205 37.654705060640495 507.6925239188139 
4.859267711639404 3.573752080207898 11.10973963551487 40.6657226733019 667.222060738358 
4.72838830947876 3.5218245498364276 11.973104243269539 40.07363688151042 578.9052330729198 
4.66775369644165 3.5456950301700934 10.518062935418786 40.495867244637125 670.2703375927435 
4.671339988708496 3.4610819998783158 9.850459832912236 36.23025688971996 497.0813669603198 
4.725063800811768 3.700699550653595 10.177881545624725 39.18777904709201 709.7414838005528 
4.606400966644287 3.3227185832915 9.820189758735996 35.5558086401694 625.8198048504776 
4.668711185455322 3.3301094698845284 10.204099083565183 39.01102167508417 629.2808236594224 
4.6556220054626465 3.2439256504805023 9.318860558976825 36.532668477212354 631.8173484293415 
4.523480415344238 3.760804616086618 10.689741874648917 35.64697838932898 635.7963422947325 
4.618473052978516 3.520593178385555 10.133082413753877 38.336064622094135 764.8107626957442 
4.635589599609375 3.3494766100381224 10.179006168970165 34.76565247617879 441.76580112011794 
4.5219011306762695 3.7667445301221534 11.707760107923612 40.07157759232955 697.8293435457546 
4.51926326751709 3.436476269450271 10.477721413353667 38.34507062003472 988.469053027924 
4.585923671722412 3.5570435048164857 10.205886153376825 39.104049653441685 911.4769859904003 
4.655817031860352 3.6269609530102196 10.194490785327883 40.26002001261448 507.6800778255259 
4.611433506011963 4.348726443492383 14.984991728517054 49.92579324560926 437.88512852994967 
4.590190887451172 3.342690165873212 9.779353183917312 37.255139982502186 623.3859078804377 
4.434100151062012 3.5196374782211035 9.78024530678525 42.96443056280445 832.8357541232687 
4.461589336395264 3.6616457543670218 10.287667385166072 45.79946798657238 580.6078984025017 
4.426579475402832 3.316134341131035 9.372686673886568 39.969681045937214 513.0314495576716 
4.377945899963379 3.4064959830820856 10.229437991749505 45.34716889519297 587.2330731935115 
4.368557453155518 3.33523224118771 9.514398725447696 41.78146094605167 565.8640646701401 
4.436555862426758 3.3146847297523805 10.432721068948142 39.710559853664385 588.4629347282048 
4.356502056121826 3.1738800767987545 9.46733061535219 36.93941999662789 541.5777460330058 
4.3595147132873535 3.105136037283077 8.645911021523393 39.38423641569201 707.5980545360412 
4.292644500732422 3.285722307858613 9.896159790354808 43.60316095128379 887.2590916647822 
4.286904335021973 3.5857393401228204 9.731626578365368 45.38114528218695 913.0644987198605 
4.27375602722168 3.3442120503189203 10.112141127847178 42.444082103874294 591.8568104633797 
4.249207496643066 3.2318356009402156 9.216842134288452 42.54394234691954 862.5684911979345 
4.284098148345947 3.307838128065152 8.700795485877729 44.25935444078947 937.3198223039219 
4.247422695159912 3.366264207116227 9.81820685870611 42.67874223758013 573.4384021743183 
4.297280311584473 3.1810849312502194 8.93715869484299 43.96366339758179 767.806910159907 
4.3440260887146 3.3546634070677843 9.329921103737133 40.55181960316446 489.2611834151222 
4.260234355926514 4.088150131049263 12.237112566310461 45.361010058151614 705.3463429553684 
4.2383952140808105 3.757432051635147 10.861245248306757 44.89667468789601 565.0760845873399 
4.081875324249268 3.138512738204861 10.842768425565684 41.74166199605676 743.7743133288521 
4.56956672668457 3.379626141076031 10.500124663651848 41.506650153762244 454.6230781505312 
4.228797435760498 3.3319024268617023 8.919017759067824 44.05991629561725 619.4233334319784 
4.1155009269714355 3.1850567911844987 8.517704627813417 42.47998767053835 473.6197465243817 
4.082685947418213 3.178039571208779 9.651312881786437 40.63498585578051 591.5404947916803 
4.158833026885986 3.163272221883138 8.590329702253156 34.74897147115479 467.65195635232567 
4.198195457458496 4.177566580756014 12.637337706406328 45.223819895535165 561.4547089528905 
4.176211357116699 3.29925872504857 9.460686788380102 42.966455789318815 519.6397621241908 
4.148921489715576 3.770817796256036 11.23666827694037 40.832903861346544 621.4827447167814 
4.213637351989746 3.102075166224682 8.790734060356492 42.61824620327103 894.0848810976801 
4.098499774932861 3.165270464602999 9.23293291576896 37.27409186982264 775.7277562040889 
4.306351661682129 3.166747882837562 9.287423517484553 37.57801447833776 486.1748767996565 
4.248159408569336 3.39674915042862 10.204283489658172 43.22382938698728 583.2517644685857 
4.108630657196045 3.4939959301873666 9.672491034549692 39.83993334239913 490.74415549514964 
4.266563892364502 3.545140873480682 10.358936490428347 40.09331098648405 470.97184440891374 
4.149443626403809 3.2309308027785453 9.20337794360245 38.232307784574786 486.26271653698996 
4.016774654388428 3.291533684549534 8.893473912776596 38.532036958134775 489.60136866810814 
3.980116367340088 3.1982206011508136 8.872455165577094 37.20680322565373 1027.156424796485 
4.070451736450195 3.1987443893521714 9.43418477751095 36.44003199089957 416.5239418977228 
3.993668794631958 3.067433512414763 9.038660081358772 40.03628778688007 543.9572456310038 
4.037785530090332 3.1986774896377943 8.574919746133013 33.45739462209303 471.0745700095296 
4.059563636779785 3.190346725356065 9.316857086152318 34.632811942226816 735.1504688719773 
3.953641653060913 3.212551846635595 8.848338376400708 37.969157030834666 738.7928684986032 
3.995981454849243 3.2645993428711524 9.818335422512984 39.7187069163603 720.4700309313494 
3.968287229537964 3.331014717743595 9.639701928787522 35.16681600209198 455.2132319579983 
4.113905906677246 3.1636494027264055 9.013702320913014 36.8962702149823 782.3634918084134 
3.9575681686401367 3.332307351959846 8.558424297422981 39.9272529322599 524.3871853298656 
3.899888038635254 3.210933946475999 10.173956466796687 50.33603033873408 632.315843100444 
4.0184197425842285 3.130059416119116 8.2741539447053 35.62346094031397 502.2155637435835 
3.906954526901245 3.216552457260082 9.748194814665181 40.40486617180683 520.4420265811166 
3.995055675506592 3.148796717325846 8.86830143519359 37.95002888752068 721.3447021484392 
3.9901504516601562 2.986683367581039 8.127177603271631 40.32758982538616 560.6084240483602 
4.084611892700195 3.1172013650885124 8.268158823354591 39.24702109896782 682.7457145182311 
4.002508163452148 3.3338139665167645 8.743683614951884 31.982825231234308 543.9309963706265 
4.067821979522705 3.160393529180954 8.918469448290733 34.38132955649212 622.6859885962216 
3.929778575897217 3.190593536313896 8.961649618405836 37.329695889662325 614.8285073544351 
3.995326519012451 3.11921472761537 8.252901454924205 33.263020129964765 605.0614727351644 
3.893728494644165 3.210009173017217 9.662211985532139 35.45309862962813 544.1067419509445 
3.918196439743042 3.2759456183981777 8.847609417039678 37.74703606983473 562.7243513729213 
3.9035799503326416 3.2477527205502454 8.276698381917223 33.75268756309297 885.1060655381999 
3.799482822418213 3.1490735757668946 8.394107151624867 32.74306638087815 982.59803799718 
3.9074008464813232 3.1569858677172693 9.045910018507326 38.435975164690575 416.2900980062418 
3.8731513023376465 3.0846976162583335 8.307492459716338 30.34045319733796 593.339421961356 
3.9078328609466553 3.237893130442917 9.521766513102847 32.491624584444736 520.4151173762092 
3.9366750717163086 3.2574496016474157 9.342046416328474 36.13573878783808 678.9332244309885 
3.8984594345092773 3.3735119440337664 9.036489624862394 34.89156966606017 552.6681100770552 
3.8685224056243896 3.2439017413805358 9.572423627336775 34.750468069172115 445.5330582513675 
3.987122058868408 3.0265637374224137 8.966229749719027 37.48877039241623 706.1886085511039 
3.892590045928955 3.171786529746186 8.99790303243721 38.98386382588959 517.9113002265326 
3.792945384979248 3.078967268545158 9.102742405922687 35.32094966724434 621.0470321377845 
3.832456588745117 3.120174105205233 9.942343372607905 40.03599142767263 968.8413118251086 
3.7658934593200684 3.2369342043863742 9.005294231057398 35.795811631944446 952.6145342962138 
3.829622268676758 2.9297193387486162 8.113201361652397 35.596116135441825 776.3528727213566 
3.78891921043396 3.182069707531826 8.119373507859166 35.007358127170136 1073.1009826679322 
3.829468250274658 2.9500316385083374 8.656637252039397 35.414043266674845 699.248486241089 
3.845621347427368 3.0955011351495725 9.598608547852725 39.78055612664474 711.3589270632181 
3.9361050128936768 3.447067823458865 10.355918567263327 39.000954603565624 446.0602041465992 
3.888291597366333 3.124489254421658 9.22693906329976 36.42232624232039 438.55455663980626 
3.771453380584717 3.3264166614996693 8.25467513230473 33.098235557079484 907.198463107647 
3.83097505569458 3.143269881749713 8.79567989972832 33.87276114004629 696.4809464126602 
3.756701946258545 3.178163705914287 9.122534765063612 35.788794623480904 670.0526201691638 
3.7494256496429443 3.24943165597971 8.936956746680352 29.931592399691358 817.2173141275651 
3.7990880012512207 3.067501442410836 9.24621243739789 35.34349086029635 670.510362253559 
3.7056899070739746 3.237088983680247 8.76055830996761 37.29244166384849 728.6566876180866 
3.7754852771759033 3.1984163416475675 9.08504882081293 33.215408948756206 649.6871901164171 
3.776538372039795 3.436929342647947 9.177745721525712 35.820393880208336 801.9190391216863 
3.8610105514526367 3.157567169196239 8.458226780573785 33.93874587675487 798.2745218000306 
3.887272357940674 3.198357792626312 8.862316961081827 31.032774546957803 946.3666244478634 
3.674088716506958 3.1865767070336677 10.012246851936716 34.4891845353692 793.88273792614 
3.6101698875427246 3.087851672451963 9.856654058013506 35.87146049418873 817.0237837750147 
3.5816659927368164 3.183743879825213 9.271811263428566 30.651654712760315 968.2740823271911 
3.9666731357574463 3.088544477326138 9.215517790070606 36.43606357473545 818.8278745915059 
3.7052133083343506 3.1403623573372808 8.69508143046976 36.583658854166664 613.2294057237885 
3.7749056816101074 3.030890906616178 8.5889590889275 32.44004176343334 761.854010416674 
3.7741687297821045 3.0764997299558288 9.193383954886063 35.85811808017367 762.337695842765 
3.738795280456543 2.8985672538029137 8.61413467875077 34.933085123697914 823.3304375147168 
3.7271971702575684 3.115242256322819 8.82073543236643 33.89227134017123 845.3876464670909 
3.7000038623809814 3.190270675100235 8.599629030204536 34.12621414985291 884.1269605232022 
3.749598979949951 3.092537234531645 8.913337756799647 32.749105857560515 1075.0183678153646 
3.7099084854125977 3.190533133159028 8.806744753434693 31.80232157259784 748.6038898432982 
3.683795928955078 3.009807033796019 8.082398562972791 37.74097360699698 737.480058400608 
3.7141900062561035 2.9843459996265764 8.817364840435252 40.08947818943747 843.8011626200082 
3.6990928649902344 3.1929338761371495 9.240225994958983 37.99132560961174 752.9737304687525 
3.7749924659729004 4.122565765126274 11.76811008388736 49.15992971195368 641.6315920943707 
3.7951738834381104 3.277990700389568 9.581818918380016 40.00018649718029 748.4786899773414 
3.728480339050293 3.0609327404334534 8.793656554721471 36.14341193177824 744.3680541992319 
3.696568250656128 3.165301584114004 8.439997758005633 34.33335660572964 1116.7472764757065 
3.7536158561706543 3.00230600052521 8.913328941739515 36.5707168492297 937.828866595649 
3.723761796951294 3.1096619623830986 9.218733157044433 36.8388456342153 721.5780723771825 
3.673346519470215 3.0364200312783534 8.728013842460769 32.03026164130936 769.4672607937416 
3.7167043685913086 3.229600896694108 9.0871514497913 35.976246737008545 696.4613660826399 
3.640958309173584 3.087884577086071 10.349543092194288 39.69207830458128 643.5302918001149 
3.8169445991516113 2.975661355662962 9.553424912871963 40.94620549072412 906.4671884775968 
