plan 1
0 1
0 2
plan 2
0 1
0 2
plan 3
0 1
0 2
plan 4
0 1
0 2
plan 5
0 1
0 2
plan 6
0 1
0 2
plan 7
0 1
0 2
plan 8
0 1
0 2
plan 9
0 1
0 2
plan 10
0 1
0 2
plan 11
0 1
0 2
plan 12
0 1
0 2
plan 13
0 1
0 2
plan 14
0 1
0 2
plan 15
0 1
0 2
plan 16
0 1
0 2
plan 17
0 1
0 2
plan 18
0 1
0 2
plan 19
0 1
0 2
plan 20
0 1
0 2
plan 21
0 1
0 2
plan 22
0 1
0 2
plan 23
0 1
0 2
plan 24
0 1
0 2
plan 25
0 1
0 2
plan 26
0 1
0 2
plan 27
0 1
0 2
plan 28
0 1
0 2
plan 29
0 1
0 2
plan 30
0 1
0 2
plan 31
0 1
0 2
plan 32
0 1
0 2
plan 33
0 1
0 2
plan 34
0 1
0 2
plan 35
0 1
0 2
plan 36
0 1
0 2
plan 37
0 1
0 2
plan 38
0 1
0 2
plan 39
0 1
0 2
plan 40
0 1
0 2
plan 41
0 1
0 2
plan 42
0 1
0 2
plan 43
0 1
0 2
plan 44
0 1
0 2
plan 45
0 1
0 2
plan 46
0 1
0 2
plan 47
0 1
0 2
plan 48
0 1
0 2
plan 49
0 1
0 2
plan 50
0 1
0 2
plan 51
0 1
0 2
plan 52
0 1
0 2
plan 53
0 1
0 2
plan 54
0 1
0 2
plan 55
0 1
0 2
plan 56
0 1
0 2
plan 57
0 1
0 2
plan 58
0 1
0 2
plan 59
0 1
0 2
plan 60
0 1
0 2
plan 61
0 1
0 2
plan 62
0 1
0 2
plan 63
0 1
0 2
plan 64
0 1
0 2
plan 65
0 1
0 2
plan 66
0 1
0 2
plan 67
0 1
0 2
plan 68
0 1
0 2
plan 69
0 1
0 2
plan 70
0 1
0 2
plan 71
0 1
0 2
plan 72
0 1
0 2
plan 73
0 1
0 2
plan 74
0 1
0 2
plan 75
0 1
0 2
plan 76
0 1
0 2
plan 77
0 1
0 2
plan 78
0 1
0 2
plan 79
0 1
0 2
plan 80
0 1
0 2
plan 81
0 1
0 2
plan 82
0 1
0 2
plan 83
0 1
0 2
plan 84
0 1
0 2
plan 85
0 1
0 2
plan 86
0 1
0 2
plan 87
0 1
0 2
plan 88
0 1
0 2
plan 89
0 1
0 2
plan 90
0 1
0 2
plan 91
0 1
0 2
plan 92
0 1
0 2
plan 93
0 1
0 2
plan 94
0 1
0 2
plan 95
0 1
0 2
plan 96
0 1
0 2
plan 97
0 1
0 2
plan 98
0 1
0 2
plan 99
0 1
0 2
plan 100
0 1
0 2
plan 101
0 1
0 2
plan 102
0 1
0 2
plan 103
0 1
0 2
plan 104
0 1
0 2
plan 105
0 1
0 2
plan 106
0 1
0 2
plan 107
0 1
0 2
plan 108
0 1
0 2
plan 109
0 1
0 2
plan 110
0 1
0 2
plan 111
0 1
0 2
plan 112
0 1
0 2
plan 113
0 1
0 2
plan 114
0 1
0 2
plan 115
0 1
0 2
plan 116
0 1
0 2
plan 117
0 1
0 2
plan 118
0 1
0 2
plan 119
0 1
0 2
plan 120
0 1
0 2
plan 121
0 1
0 2
plan 122
0 1
0 2
plan 123
0 1
0 2
plan 124
0 1
0 2
plan 125
0 1
0 2
plan 126
0 1
0 2
plan 127
0 1
0 2
plan 128
0 1
0 2
plan 129
0 1
0 2
plan 130
0 1
0 2
plan 131
0 1
0 2
plan 132
0 1
0 2
plan 133
0 1
0 2
plan 134
0 1
0 2
plan 135
0 1
0 2
plan 136
0 1
0 2
plan 137
0 1
0 2
plan 138
0 1
0 2
plan 139
0 1
0 2
plan 140
0 1
0 2
plan 141
0 1
0 2
plan 142
0 1
0 2
plan 143
0 1
0 2
plan 144
0 1
0 2
plan 145
0 1
0 2
plan 146
0 1
0 2
plan 147
0 1
0 2
plan 148
0 1
0 2
plan 149
0 1
0 2
plan 150
0 1
0 2
plan 151
0 1
0 2
plan 152
0 1
0 2
plan 153
0 1
0 2
plan 154
0 1
0 2
plan 155
0 1
0 2
plan 156
0 1
0 2
plan 157
0 1
0 2
plan 158
0 1
0 2
plan 159
0 1
0 2
plan 160
0 1
0 2
plan 161
0 1
0 2
plan 162
0 1
0 2
plan 163
0 1
0 2
plan 164
0 1
0 2
plan 165
0 1
0 2
plan 166
0 1
0 2
plan 167
0 1
0 2
plan 168
0 1
0 2
plan 169
0 1
0 2
plan 170
0 1
0 2
plan 171
0 1
0 2
plan 172
0 1
0 2
plan 173
0 1
0 2
plan 174
0 1
0 2
plan 175
0 1
0 2
plan 176
0 1
0 2
plan 177
0 1
0 2
plan 178
0 1
0 2
plan 179
0 1
0 2
plan 180
0 1
0 2
plan 181
0 1
0 2
plan 182
0 1
0 2
plan 183
0 1
0 2
plan 184
0 1
0 2
plan 185
0 1
0 2
plan 186
0 1
0 2
plan 187
0 1
0 2
plan 188
0 1
0 2
plan 189
0 1
0 2
plan 190
0 1
0 2
plan 191
0 1
0 2
plan 192
0 1
0 2
plan 193
0 1
0 2
plan 194
0 1
0 2
plan 195
0 1
0 2
plan 196
0 1
0 2
plan 197
0 1
0 2
plan 198
0 1
0 2
plan 199
0 1
0 2
plan 200
0 1
0 2
plan 201
0 1
0 2
plan 202
0 1
0 2
plan 203
0 1
0 2
plan 204
0 1
0 2
plan 205
0 1
0 2
plan 206
0 1
0 2
plan 207
0 1
0 2
plan 208
0 1
0 2
plan 209
0 1
0 2
plan 210
0 1
0 2
plan 211
0 1
0 2
plan 212
0 1
0 2
plan 213
0 1
0 2
plan 214
0 1
0 2
plan 215
0 1
0 2
plan 216
0 1
0 2
plan 217
0 1
0 2
plan 218
0 1
0 2
plan 219
0 1
0 2
plan 220
0 1
0 2
plan 221
0 1
0 2
plan 222
0 1
0 2
plan 223
0 1
0 2
plan 224
0 1
0 2
plan 225
0 1
0 2
plan 226
0 1
0 2
plan 227
0 1
0 2
plan 228
0 1
0 2
plan 229
0 1
0 2
plan 230
0 1
0 2
plan 231
0 1
0 2
plan 232
0 1
0 2
plan 233
0 1
0 2
plan 234
0 1
0 2
plan 235
0 1
0 2
plan 236
0 1
0 2
plan 237
0 1
0 2
plan 238
0 1
0 2
plan 239
0 1
0 2
plan 240
0 1
0 2
plan 241
0 1
0 2
2 3
2 4
plan 242
0 1
0 2
2 3
2 4
plan 243
0 1
0 2
2 3
2 4
plan 244
0 1
0 2
2 3
2 4
plan 245
0 1
0 2
2 3
2 4
plan 246
0 1
0 2
2 3
2 4
plan 247
0 1
0 2
2 3
2 4
plan 248
0 1
0 2
2 3
2 4
plan 249
0 1
0 2
2 3
2 4
plan 250
0 1
1 2
1 3
0 4
plan 251
0 1
0 2
2 3
2 4
plan 252
0 1
0 2
2 3
2 4
plan 253
0 1
0 2
2 3
2 4
plan 254
0 1
0 2
2 3
2 4
plan 255
0 1
0 2
2 3
2 4
plan 256
0 1
0 2
2 3
2 4
plan 257
0 1
0 2
2 3
2 4
plan 258
0 1
0 2
2 3
2 4
plan 259
0 1
0 2
2 3
2 4
plan 260
0 1
0 2
2 3
2 4
plan 261
0 1
0 2
2 3
2 4
plan 262
0 1
0 2
2 3
2 4
plan 263
0 1
0 2
2 3
2 4
plan 264
0 1
0 2
2 3
2 4
plan 265
0 1
0 2
2 3
2 4
plan 266
0 1
0 2
2 3
2 4
plan 267
0 1
0 2
2 3
2 4
plan 268
0 1
0 2
2 3
2 4
plan 269
0 1
0 2
2 3
2 4
plan 270
0 1
0 2
2 3
2 4
plan 271
0 1
0 2
2 3
2 4
plan 272
0 1
0 2
2 3
2 4
plan 273
0 1
0 2
2 3
2 4
plan 274
0 1
0 2
2 3
2 4
plan 275
0 1
0 2
2 3
2 4
plan 276
0 1
0 2
2 3
2 4
plan 277
0 1
0 2
2 3
2 4
plan 278
0 1
1 2
1 3
0 4
plan 279
0 1
1 2
1 3
0 4
plan 280
0 1
0 2
2 3
2 4
plan 281
0 1
0 2
2 3
2 4
plan 282
0 1
0 2
2 3
2 4
plan 283
0 1
0 2
2 3
2 4
plan 284
0 1
0 2
2 3
2 4
plan 285
0 1
0 2
2 3
2 4
plan 286
0 1
0 2
2 3
2 4
plan 287
0 1
0 2
2 3
2 4
plan 288
0 1
0 2
2 3
2 4
plan 289
0 1
0 2
2 3
2 4
plan 290
0 1
0 2
2 3
2 4
plan 291
0 1
0 2
2 3
2 4
plan 292
0 1
0 2
2 3
2 4
plan 293
0 1
0 2
2 3
2 4
plan 294
0 1
0 2
2 3
2 4
plan 295
0 1
0 2
2 3
2 4
plan 296
0 1
0 2
2 3
2 4
plan 297
0 1
0 2
2 3
2 4
plan 298
0 1
0 2
2 3
2 4
plan 299
0 1
0 2
2 3
2 4
plan 300
0 1
0 2
2 3
2 4
plan 301
0 1
0 2
2 3
2 4
plan 302
0 1
1 2
1 3
0 4
plan 303
0 1
0 2
2 3
2 4
plan 304
0 1
0 2
2 3
2 4
plan 305
0 1
1 2
1 3
0 4
plan 306
0 1
0 2
2 3
2 4
plan 307
0 1
0 2
2 3
2 4
plan 308
0 1
0 2
2 3
2 4
plan 309
0 1
0 2
2 3
2 4
plan 310
0 1
1 2
1 3
0 4
plan 311
0 1
0 2
2 3
2 4
plan 312
0 1
0 2
2 3
2 4
plan 313
0 1
0 2
2 3
2 4
plan 314
0 1
0 2
2 3
2 4
plan 315
0 1
0 2
2 3
2 4
plan 316
0 1
0 2
2 3
2 4
plan 317
0 1
0 2
2 3
2 4
plan 318
0 1
1 2
1 3
0 4
plan 319
0 1
0 2
2 3
2 4
plan 320
0 1
0 2
2 3
2 4
plan 321
0 1
0 2
2 3
2 4
plan 322
0 1
0 2
2 3
2 4
plan 323
0 1
1 2
1 3
0 4
plan 324
0 1
0 2
2 3
2 4
plan 325
0 1
0 2
2 3
2 4
plan 326
0 1
0 2
2 3
2 4
plan 327
0 1
0 2
2 3
2 4
plan 328
0 1
0 2
2 3
2 4
plan 329
0 1
0 2
2 3
2 4
plan 330
0 1
0 2
2 3
2 4
plan 331
0 1
0 2
2 3
2 4
plan 332
0 1
0 2
2 3
2 4
plan 333
0 1
0 2
2 3
2 4
plan 334
0 1
0 2
2 3
2 4
plan 335
0 1
0 2
2 3
2 4
plan 336
0 1
0 2
2 3
2 4
plan 337
0 1
1 2
1 3
0 4
plan 338
0 1
0 2
2 3
2 4
plan 339
0 1
0 2
2 3
2 4
plan 340
0 1
0 2
2 3
2 4
plan 341
0 1
0 2
2 3
2 4
plan 342
0 1
1 2
1 3
0 4
plan 343
0 1
0 2
2 3
2 4
plan 344
0 1
0 2
2 3
2 4
plan 345
0 1
1 2
1 3
0 4
plan 346
0 1
0 2
2 3
2 4
plan 347
0 1
0 2
2 3
2 4
plan 348
0 1
0 2
2 3
2 4
plan 349
0 1
0 2
2 3
2 4
plan 350
0 1
0 2
2 3
2 4
plan 351
0 1
0 2
2 3
2 4
plan 352
0 1
0 2
2 3
2 4
plan 353
0 1
0 2
2 3
2 4
plan 354
0 1
0 2
2 3
2 4
plan 355
0 1
0 2
2 3
2 4
plan 356
0 1
0 2
2 3
2 4
plan 357
0 1
0 2
2 3
2 4
plan 358
0 1
1 2
1 3
0 4
plan 359
0 1
0 2
2 3
2 4
plan 360
0 1
0 2
2 3
2 4
plan 361
0 1
0 2
2 3
2 4
plan 362
0 1
0 2
2 3
2 4
plan 363
0 1
0 2
2 3
2 4
plan 364
0 1
0 2
2 3
2 4
plan 365
0 1
0 2
2 3
2 4
plan 366
0 1
0 2
2 3
2 4
plan 367
0 1
1 2
1 3
0 4
plan 368
0 1
0 2
2 3
2 4
plan 369
0 1
1 2
1 3
0 4
plan 370
0 1
0 2
2 3
2 4
plan 371
0 1
0 2
2 3
2 4
plan 372
0 1
0 2
2 3
2 4
plan 373
0 1
0 2
2 3
2 4
plan 374
0 1
0 2
2 3
2 4
plan 375
0 1
0 2
2 3
2 4
plan 376
0 1
0 2
2 3
2 4
plan 377
0 1
0 2
2 3
2 4
plan 378
0 1
0 2
2 3
2 4
plan 379
0 1
0 2
2 3
2 4
plan 380
0 1
0 2
2 3
2 4
plan 381
0 1
0 2
2 3
2 4
plan 382
0 1
0 2
2 3
2 4
plan 383
0 1
0 2
2 3
2 4
plan 384
0 1
0 2
2 3
2 4
plan 385
0 1
0 2
2 3
2 4
plan 386
0 1
0 2
2 3
2 4
plan 387
0 1
0 2
2 3
2 4
plan 388
0 1
1 2
1 3
0 4
plan 389
0 1
0 2
2 3
2 4
plan 390
0 1
0 2
2 3
2 4
plan 391
0 1
0 2
2 3
2 4
plan 392
0 1
1 2
1 3
0 4
plan 393
0 1
0 2
2 3
2 4
plan 394
0 1
1 2
1 3
0 4
plan 395
0 1
0 2
2 3
2 4
plan 396
0 1
0 2
2 3
2 4
plan 397
0 1
0 2
2 3
2 4
plan 398
0 1
0 2
2 3
2 4
plan 399
0 1
1 2
1 3
0 4
plan 400
0 1
0 2
2 3
2 4
plan 401
0 1
0 2
2 3
2 4
plan 402
0 1
0 2
2 3
2 4
plan 403
0 1
0 2
2 3
2 4
plan 404
0 1
0 2
2 3
2 4
plan 405
0 1
0 2
2 3
2 4
plan 406
0 1
0 2
2 3
2 4
plan 407
0 1
1 2
1 3
0 4
plan 408
0 1
0 2
2 3
2 4
plan 409
0 1
0 2
2 3
2 4
plan 410
0 1
0 2
2 3
2 4
plan 411
0 1
0 2
2 3
2 4
plan 412
0 1
0 2
2 3
2 4
plan 413
0 1
0 2
2 3
2 4
plan 414
0 1
1 2
1 3
0 4
plan 415
0 1
0 2
2 3
2 4
plan 416
0 1
0 2
2 3
2 4
plan 417
0 1
0 2
2 3
2 4
plan 418
0 1
0 2
2 3
2 4
plan 419
0 1
0 2
2 3
2 4
plan 420
0 1
0 2
2 3
2 4
plan 421
0 1
0 2
2 3
2 4
plan 422
0 1
0 2
2 3
2 4
plan 423
0 1
0 2
2 3
2 4
plan 424
0 1
0 2
2 3
2 4
plan 425
0 1
0 2
2 3
2 4
plan 426
0 1
0 2
2 3
2 4
plan 427
0 1
0 2
2 3
2 4
plan 428
0 1
0 2
2 3
2 4
plan 429
0 1
1 2
1 3
0 4
plan 430
0 1
0 2
2 3
2 4
plan 431
0 1
0 2
2 3
2 4
plan 432
0 1
0 2
2 3
2 4
plan 433
0 1
1 2
1 3
0 4
plan 434
0 1
0 2
2 3
2 4
plan 435
0 1
0 2
2 3
2 4
plan 436
0 1
0 2
2 3
2 4
plan 437
0 1
0 2
2 3
2 4
plan 438
0 1
0 2
2 3
2 4
plan 439
0 1
0 2
2 3
2 4
plan 440
0 1
1 2
1 3
0 4
plan 441
0 1
0 2
2 3
2 4
plan 442
0 1
0 2
2 3
2 4
plan 443
0 1
0 2
2 3
2 4
plan 444
0 1
0 2
2 3
2 4
plan 445
0 1
0 2
2 3
2 4
plan 446
0 1
0 2
2 3
2 4
plan 447
0 1
0 2
2 3
2 4
plan 448
0 1
0 2
2 3
2 4
plan 449
0 1
0 2
2 3
2 4
plan 450
0 1
0 2
2 3
2 4
plan 451
0 1
0 2
2 3
2 4
plan 452
0 1
0 2
2 3
2 4
plan 453
0 1
0 2
2 3
2 4
plan 454
0 1
0 2
2 3
2 4
plan 455
0 1
0 2
2 3
2 4
plan 456
0 1
0 2
2 3
2 4
plan 457
0 1
0 2
2 3
2 4
plan 458
0 1
0 2
2 3
2 4
plan 459
0 1
0 2
2 3
2 4
plan 460
0 1
0 2
2 3
2 4
plan 461
0 1
0 2
2 3
2 4
plan 462
0 1
0 2
2 3
2 4
plan 463
0 1
0 2
2 3
2 4
plan 464
0 1
0 2
2 3
2 4
plan 465
0 1
0 2
2 3
2 4
plan 466
0 1
0 2
2 3
2 4
plan 467
0 1
0 2
2 3
2 4
plan 468
0 1
0 2
2 3
2 4
plan 469
0 1
0 2
2 3
2 4
plan 470
0 1
0 2
2 3
2 4
plan 471
0 1
0 2
2 3
2 4
plan 472
0 1
0 2
2 3
2 4
plan 473
0 1
0 2
2 3
2 4
plan 474
0 1
0 2
2 3
2 4
plan 475
0 1
0 2
2 3
2 4
plan 476
0 1
0 2
2 3
2 4
plan 477
0 1
0 2
2 3
2 4
plan 478
0 1
0 2
2 3
2 4
plan 479
0 1
0 2
2 3
2 4
plan 480
0 1
0 2
2 3
2 4
plan 481
0 1
0 2
2 3
2 4
plan 482
0 1
0 2
2 3
2 4
plan 483
0 1
0 2
2 3
2 4
plan 484
0 1
0 2
2 3
2 4
plan 485
0 1
0 2
2 3
2 4
plan 486
0 1
0 2
2 3
2 4
plan 487
0 1
0 2
2 3
2 4
plan 488
0 1
0 2
2 3
2 4
plan 489
0 1
0 2
2 3
2 4
plan 490
0 1
0 2
2 3
2 4
plan 491
0 1
0 2
2 3
2 4
plan 492
0 1
0 2
2 3
2 4
plan 493
0 1
0 2
2 3
2 4
plan 494
0 1
0 2
2 3
2 4
plan 495
0 1
0 2
2 3
2 4
plan 496
0 1
0 2
2 3
2 4
plan 497
0 1
0 2
2 3
2 4
plan 498
0 1
0 2
2 3
2 4
plan 499
0 1
0 2
2 3
2 4
plan 500
0 1
0 2
2 3
2 4
plan 501
0 1
0 2
2 3
2 4
plan 502
0 1
0 2
2 3
2 4
plan 503
0 1
0 2
2 3
2 4
plan 504
0 1
0 2
2 3
2 4
plan 505
0 1
0 2
2 3
2 4
plan 506
0 1
0 2
2 3
2 4
plan 507
0 1
0 2
2 3
2 4
plan 508
0 1
0 2
2 3
2 4
plan 509
0 1
0 2
2 3
2 4
plan 510
0 1
0 2
2 3
2 4
plan 511
0 1
0 2
2 3
2 4
plan 512
0 1
0 2
2 3
2 4
plan 513
0 1
0 2
2 3
2 4
plan 514
0 1
0 2
2 3
2 4
plan 515
0 1
0 2
2 3
2 4
plan 516
0 1
0 2
2 3
2 4
plan 517
0 1
0 2
2 3
2 4
plan 518
0 1
0 2
2 3
2 4
plan 519
0 1
0 2
2 3
2 4
plan 520
0 1
0 2
2 3
2 4
plan 521
0 1
0 2
2 3
2 4
plan 522
0 1
0 2
2 3
2 4
plan 523
0 1
0 2
2 3
2 4
plan 524
0 1
0 2
2 3
2 4
plan 525
0 1
0 2
2 3
2 4
plan 526
0 1
0 2
2 3
2 4
plan 527
0 1
0 2
2 3
2 4
plan 528
0 1
0 2
2 3
2 4
plan 529
0 1
0 2
2 3
2 4
plan 530
0 1
0 2
2 3
2 4
plan 531
0 1
0 2
2 3
2 4
plan 532
0 1
0 2
2 3
2 4
plan 533
0 1
0 2
2 3
2 4
plan 534
0 1
0 2
2 3
2 4
plan 535
0 1
0 2
2 3
2 4
plan 536
0 1
0 2
2 3
2 4
plan 537
0 1
0 2
2 3
2 4
plan 538
0 1
0 2
2 3
2 4
plan 539
0 1
0 2
2 3
2 4
plan 540
0 1
0 2
2 3
2 4
plan 541
0 1
0 2
2 3
2 4
plan 542
0 1
0 2
2 3
2 4
plan 543
0 1
0 2
2 3
2 4
plan 544
0 1
0 2
2 3
2 4
plan 545
0 1
1 2
1 3
0 4
plan 546
0 1
0 2
2 3
2 4
plan 547
0 1
0 2
2 3
2 4
plan 548
0 1
0 2
2 3
2 4
plan 549
0 1
0 2
2 3
2 4
plan 550
0 1
0 2
2 3
2 4
plan 551
0 1
0 2
2 3
2 4
plan 552
0 1
0 2
2 3
2 4
plan 553
0 1
0 2
2 3
2 4
plan 554
0 1
0 2
2 3
2 4
plan 555
0 1
0 2
2 3
2 4
plan 556
0 1
0 2
2 3
2 4
plan 557
0 1
0 2
2 3
2 4
plan 558
0 1
0 2
2 3
2 4
plan 559
0 1
0 2
2 3
2 4
plan 560
0 1
0 2
2 3
2 4
plan 561
0 1
1 2
1 3
0 4
plan 562
0 1
0 2
2 3
2 4
plan 563
0 1
0 2
2 3
2 4
plan 564
0 1
0 2
2 3
2 4
plan 565
0 1
0 2
2 3
2 4
plan 566
0 1
0 2
2 3
2 4
plan 567
0 1
1 2
1 3
0 4
plan 568
0 1
0 2
2 3
2 4
plan 569
0 1
0 2
2 3
2 4
plan 570
0 1
0 2
2 3
2 4
plan 571
0 1
0 2
2 3
2 4
plan 572
0 1
0 2
2 3
2 4
plan 573
0 1
0 2
2 3
2 4
plan 574
0 1
0 2
2 3
2 4
plan 575
0 1
0 2
2 3
2 4
plan 576
0 1
1 2
1 3
0 4
plan 577
0 1
0 2
2 3
2 4
plan 578
0 1
0 2
2 3
2 4
plan 579
0 1
0 2
2 3
2 4
plan 580
0 1
0 2
2 3
2 4
plan 581
0 1
0 2
2 3
2 4
plan 582
0 1
0 2
2 3
2 4
plan 583
0 1
0 2
2 3
2 4
plan 584
0 1
0 2
2 3
2 4
plan 585
0 1
0 2
2 3
2 4
plan 586
0 1
0 2
2 3
2 4
plan 587
0 1
0 2
2 3
2 4
plan 588
0 1
0 2
2 3
2 4
plan 589
0 1
0 2
2 3
2 4
plan 590
0 1
0 2
2 3
2 4
plan 591
0 1
0 2
2 3
2 4
plan 592
0 1
0 2
2 3
2 4
plan 593
0 1
0 2
2 3
2 4
plan 594
0 1
0 2
2 3
2 4
plan 595
0 1
0 2
2 3
2 4
plan 596
0 1
0 2
2 3
2 4
plan 597
0 1
0 2
2 3
2 4
plan 598
0 1
0 2
2 3
2 4
plan 599
0 1
0 2
2 3
2 4
plan 600
0 1
0 2
2 3
2 4
plan 601
0 1
0 2
2 3
2 4
plan 602
0 1
0 2
2 3
2 4
plan 603
0 1
0 2
2 3
2 4
plan 604
0 1
0 2
2 3
2 4
plan 605
0 1
0 2
2 3
2 4
plan 606
0 1
0 2
2 3
2 4
plan 607
0 1
0 2
2 3
2 4
plan 608
0 1
0 2
2 3
2 4
plan 609
0 1
0 2
2 3
2 4
plan 610
0 1
0 2
2 3
2 4
plan 611
0 1
0 2
2 3
2 4
plan 612
0 1
0 2
2 3
2 4
plan 613
0 1
0 2
2 3
2 4
plan 614
0 1
0 2
2 3
2 4
plan 615
0 1
0 2
2 3
2 4
plan 616
0 1
0 2
2 3
2 4
plan 617
0 1
0 2
2 3
2 4
plan 618
0 1
0 2
2 3
2 4
plan 619
0 1
0 2
2 3
2 4
plan 620
0 1
0 2
2 3
2 4
plan 621
0 1
0 2
2 3
2 4
plan 622
0 1
0 2
2 3
2 4
plan 623
0 1
0 2
2 3
2 4
plan 624
0 1
0 2
2 3
2 4
plan 625
0 1
0 2
2 3
2 4
plan 626
0 1
0 2
2 3
2 4
plan 627
0 1
1 2
1 3
0 4
plan 628
0 1
0 2
2 3
2 4
plan 629
0 1
0 2
2 3
2 4
plan 630
0 1
0 2
2 3
2 4
plan 631
0 1
0 2
2 3
2 4
plan 632
0 1
0 2
2 3
2 4
plan 633
0 1
0 2
2 3
2 4
plan 634
0 1
0 2
2 3
2 4
plan 635
0 1
0 2
2 3
2 4
plan 636
0 1
0 2
2 3
2 4
plan 637
0 1
0 2
2 3
2 4
plan 638
0 1
0 2
2 3
2 4
plan 639
0 1
0 2
2 3
2 4
plan 640
0 1
0 2
2 3
2 4
plan 641
0 1
0 2
2 3
2 4
plan 642
0 1
0 2
2 3
2 4
plan 643
0 1
0 2
2 3
2 4
plan 644
0 1
0 2
2 3
2 4
plan 645
0 1
0 2
2 3
2 4
plan 646
0 1
0 2
2 3
2 4
plan 647
0 1
0 2
2 3
2 4
plan 648
0 1
0 2
2 3
2 4
plan 649
0 1
0 2
2 3
2 4
plan 650
0 1
0 2
2 3
2 4
plan 651
0 1
0 2
2 3
2 4
plan 652
0 1
0 2
2 3
2 4
plan 653
0 1
0 2
2 3
2 4
plan 654
0 1
0 2
2 3
2 4
plan 655
0 1
0 2
2 3
2 4
plan 656
0 1
1 2
1 3
0 4
plan 657
0 1
0 2
2 3
2 4
plan 658
0 1
0 2
2 3
2 4
plan 659
0 1
0 2
2 3
2 4
plan 660
0 1
0 2
2 3
2 4
plan 661
0 1
0 2
2 3
2 4
plan 662
0 1
1 2
1 3
0 4
plan 663
0 1
0 2
2 3
2 4
plan 664
0 1
0 2
2 3
2 4
plan 665
0 1
0 2
2 3
2 4
plan 666
0 1
0 2
2 3
2 4
plan 667
0 1
0 2
2 3
2 4
plan 668
0 1
0 2
2 3
2 4
plan 669
0 1
0 2
2 3
2 4
plan 670
0 1
0 2
2 3
2 4
plan 671
0 1
0 2
2 3
2 4
plan 672
0 1
0 2
2 3
2 4
plan 673
0 1
0 2
2 3
2 4
plan 674
0 1
0 2
2 3
2 4
plan 675
0 1
0 2
2 3
2 4
plan 676
0 1
1 2
1 3
0 4
plan 677
0 1
0 2
2 3
2 4
plan 678
0 1
0 2
2 3
2 4
plan 679
0 1
0 2
2 3
2 4
plan 680
0 1
0 2
2 3
2 4
plan 681
0 1
0 2
2 3
2 4
plan 682
0 1
0 2
2 3
2 4
plan 683
0 1
0 2
2 3
2 4
plan 684
0 1
1 2
1 3
0 4
plan 685
0 1
0 2
2 3
2 4
plan 686
0 1
1 2
1 3
0 4
plan 687
0 1
0 2
2 3
2 4
plan 688
0 1
0 2
2 3
2 4
plan 689
0 1
0 2
2 3
2 4
plan 690
0 1
0 2
2 3
2 4
plan 691
0 1
0 2
2 3
2 4
plan 692
0 1
0 2
2 3
2 4
plan 693
0 1
0 2
2 3
2 4
plan 694
0 1
0 2
2 3
2 4
plan 695
0 1
0 2
2 3
2 4
plan 696
0 1
1 2
1 3
0 4
plan 697
0 1
1 2
1 3
0 4
plan 698
0 1
0 2
2 3
2 4
plan 699
0 1
1 2
1 3
0 4
plan 700
0 1
1 2
1 3
0 4
plan 701
0 1
0 2
2 3
2 4
plan 702
0 1
0 2
2 3
2 4
plan 703
0 1
1 2
1 3
0 4
plan 704
0 1
1 2
1 3
0 4
plan 705
0 1
0 2
2 3
2 4
plan 706
0 1
1 2
1 3
0 4
plan 707
0 1
0 2
2 3
2 4
plan 708
0 1
0 2
2 3
2 4
plan 709
0 1
1 2
1 3
0 4
plan 710
0 1
0 2
2 3
2 4
plan 711
0 1
0 2
2 3
2 4
plan 712
0 1
1 2
1 3
0 4
plan 713
0 1
0 2
2 3
2 4
plan 714
0 1
1 2
1 3
0 4
plan 715
0 1
1 2
1 3
0 4
plan 716
0 1
0 2
2 3
2 4
plan 717
0 1
1 2
1 3
0 4
plan 718
0 1
1 2
1 3
0 4
plan 719
0 1
0 2
2 3
2 4
plan 720
0 1
1 2
1 3
0 4
plan 721
0 1
0 2
2 3
2 4
plan 722
0 1
0 2
2 3
2 4
plan 723
0 1
0 2
2 3
2 4
plan 724
0 1
0 2
2 3
2 4
plan 725
0 1
0 2
2 3
2 4
plan 726
0 1
0 2
2 3
2 4
plan 727
0 1
1 2
1 3
0 4
plan 728
0 1
1 2
1 3
0 4
plan 729
0 1
0 2
2 3
2 4
plan 730
0 1
0 2
2 3
2 4
plan 731
0 1
1 2
1 3
0 4
plan 732
0 1
0 2
2 3
2 4
plan 733
0 1
1 2
1 3
0 4
plan 734
0 1
1 2
1 3
0 4
plan 735
0 1
0 2
2 3
2 4
plan 736
0 1
0 2
2 3
2 4
plan 737
0 1
1 2
1 3
0 4
plan 738
0 1
0 2
2 3
2 4
plan 739
0 1
1 2
1 3
0 4
plan 740
0 1
0 2
2 3
2 4
plan 741
0 1
0 2
2 3
2 4
plan 742
0 1
0 2
2 3
2 4
plan 743
0 1
1 2
1 3
0 4
plan 744
0 1
1 2
1 3
0 4
plan 745
0 1
0 2
2 3
2 4
plan 746
0 1
0 2
2 3
2 4
plan 747
0 1
1 2
1 3
0 4
plan 748
0 1
1 2
1 3
0 4
plan 749
0 1
0 2
2 3
2 4
plan 750
0 1
0 2
2 3
2 4
plan 751
0 1
1 2
1 3
0 4
plan 752
0 1
0 2
2 3
2 4
plan 753
0 1
1 2
1 3
0 4
plan 754
0 1
1 2
1 3
0 4
plan 755
0 1
1 2
1 3
0 4
plan 756
0 1
1 2
1 3
0 4
plan 757
0 1
0 2
2 3
2 4
plan 758
0 1
1 2
1 3
0 4
plan 759
0 1
0 2
2 3
2 4
plan 760
0 1
0 2
2 3
2 4
plan 761
0 1
1 2
1 3
0 4
plan 762
0 1
0 2
2 3
2 4
plan 763
0 1
1 2
1 3
0 4
plan 764
0 1
1 2
1 3
0 4
plan 765
0 1
1 2
1 3
0 4
plan 766
0 1
1 2
1 3
0 4
plan 767
0 1
1 2
1 3
0 4
plan 768
0 1
0 2
2 3
2 4
plan 769
0 1
1 2
1 3
0 4
plan 770
0 1
1 2
1 3
0 4
plan 771
0 1
1 2
1 3
0 4
plan 772
0 1
1 2
1 3
0 4
plan 773
0 1
0 2
2 3
2 4
plan 774
0 1
0 2
2 3
2 4
plan 775
0 1
1 2
1 3
0 4
plan 776
0 1
1 2
1 3
0 4
plan 777
0 1
0 2
2 3
2 4
plan 778
0 1
0 2
2 3
2 4
plan 779
0 1
0 2
2 3
2 4
plan 780
0 1
0 2
2 3
2 4
plan 781
0 1
1 2
1 3
0 4
plan 782
0 1
1 2
1 3
0 4
plan 783
0 1
1 2
1 3
0 4
plan 784
0 1
0 2
2 3
2 4
plan 785
0 1
1 2
1 3
0 4
plan 786
0 1
0 2
2 3
2 4
plan 787
0 1
0 2
2 3
2 4
plan 788
0 1
0 2
2 3
2 4
plan 789
0 1
1 2
1 3
0 4
plan 790
0 1
0 2
2 3
2 4
plan 791
0 1
0 2
2 3
2 4
plan 792
0 1
0 2
2 3
2 4
plan 793
0 1
1 2
1 3
0 4
plan 794
0 1
1 2
1 3
0 4
plan 795
0 1
0 2
2 3
2 4
plan 796
0 1
1 2
1 3
0 4
plan 797
0 1
1 2
1 3
0 4
plan 798
0 1
1 2
1 3
0 4
plan 799
0 1
1 2
1 3
0 4
plan 800
0 1
1 2
1 3
0 4
plan 801
0 1
1 2
1 3
0 4
plan 802
0 1
1 2
1 3
0 4
plan 803
0 1
0 2
2 3
2 4
plan 804
0 1
1 2
1 3
0 4
plan 805
0 1
1 2
1 3
0 4
plan 806
0 1
1 2
1 3
0 4
plan 807
0 1
0 2
2 3
2 4
plan 808
0 1
1 2
1 3
0 4
plan 809
0 1
0 2
2 3
2 4
plan 810
0 1
1 2
1 3
0 4
plan 811
0 1
1 2
1 3
0 4
plan 812
0 1
1 2
1 3
0 4
plan 813
0 1
0 2
2 3
2 4
plan 814
0 1
0 2
2 3
2 4
plan 815
0 1
1 2
1 3
0 4
plan 816
0 1
1 2
1 3
0 4
plan 817
0 1
0 2
2 3
2 4
plan 818
0 1
0 2
2 3
2 4
plan 819
0 1
0 2
2 3
2 4
plan 820
0 1
0 2
2 3
2 4
plan 821
0 1
0 2
2 3
2 4
plan 822
0 1
1 2
1 3
0 4
plan 823
0 1
1 2
1 3
0 4
plan 824
0 1
0 2
2 3
2 4
plan 825
0 1
1 2
1 3
0 4
plan 826
0 1
0 2
2 3
2 4
plan 827
0 1
0 2
2 3
2 4
plan 828
0 1
1 2
1 3
0 4
plan 829
0 1
1 2
1 3
0 4
plan 830
0 1
1 2
1 3
0 4
plan 831
0 1
1 2
1 3
0 4
plan 832
0 1
1 2
1 3
0 4
plan 833
0 1
0 2
2 3
2 4
plan 834
0 1
0 2
2 3
2 4
plan 835
0 1
1 2
1 3
0 4
plan 836
0 1
0 2
2 3
2 4
plan 837
0 1
1 2
1 3
0 4
plan 838
0 1
0 2
2 3
2 4
plan 839
0 1
1 2
1 3
0 4
plan 840
0 1
0 2
2 3
2 4
plan 841
0 1
1 2
1 3
0 4
plan 842
0 1
1 2
1 3
0 4
plan 843
0 1
1 2
1 3
0 4
plan 844
0 1
1 2
1 3
0 4
plan 845
0 1
1 2
1 3
0 4
plan 846
0 1
0 2
2 3
2 4
plan 847
0 1
1 2
1 3
0 4
plan 848
0 1
1 2
1 3
0 4
plan 849
0 1
1 2
1 3
0 4
plan 850
0 1
1 2
1 3
0 4
plan 851
0 1
1 2
1 3
0 4
plan 852
0 1
1 2
1 3
0 4
plan 853
0 1
1 2
1 3
0 4
plan 854
0 1
1 2
1 3
0 4
plan 855
0 1
1 2
1 3
0 4
plan 856
0 1
1 2
1 3
0 4
plan 857
0 1
1 2
1 3
0 4
plan 858
0 1
1 2
1 3
0 4
plan 859
0 1
1 2
1 3
0 4
plan 860
0 1
0 2
2 3
2 4
plan 861
0 1
1 2
1 3
0 4
plan 862
0 1
1 2
1 3
0 4
plan 863
0 1
1 2
1 3
0 4
plan 864
0 1
1 2
1 3
0 4
plan 865
0 1
1 2
1 3
0 4
plan 866
0 1
1 2
1 3
0 4
plan 867
0 1
0 2
2 3
2 4
plan 868
0 1
1 2
1 3
0 4
plan 869
0 1
1 2
1 3
0 4
plan 870
0 1
1 2
1 3
0 4
plan 871
0 1
1 2
1 3
0 4
plan 872
0 1
1 2
1 3
0 4
plan 873
0 1
1 2
1 3
0 4
plan 874
0 1
0 2
2 3
2 4
plan 875
0 1
1 2
1 3
0 4
plan 876
0 1
1 2
1 3
0 4
plan 877
0 1
1 2
1 3
0 4
plan 878
0 1
1 2
1 3
0 4
plan 879
0 1
1 2
1 3
0 4
plan 880
0 1
1 2
1 3
0 4
plan 881
0 1
1 2
1 3
0 4
plan 882
0 1
1 2
1 3
0 4
plan 883
0 1
1 2
1 3
0 4
plan 884
0 1
1 2
1 3
0 4
plan 885
0 1
1 2
1 3
0 4
plan 886
0 1
1 2
1 3
0 4
plan 887
0 1
1 2
1 3
0 4
plan 888
0 1
1 2
1 3
0 4
plan 889
0 1
1 2
1 3
0 4
plan 890
0 1
1 2
1 3
0 4
plan 891
0 1
1 2
1 3
0 4
plan 892
0 1
1 2
1 3
0 4
plan 893
0 1
1 2
1 3
0 4
plan 894
0 1
1 2
1 3
0 4
plan 895
0 1
1 2
1 3
0 4
plan 896
0 1
1 2
1 3
0 4
plan 897
0 1
1 2
1 3
0 4
plan 898
0 1
1 2
1 3
0 4
plan 899
0 1
1 2
1 3
0 4
plan 900
0 1
0 2
2 3
2 4
plan 901
0 1
0 2
2 3
2 4
plan 902
0 1
1 2
1 3
0 4
plan 903
0 1
1 2
1 3
0 4
plan 904
0 1
1 2
1 3
0 4
plan 905
0 1
1 2
1 3
0 4
plan 906
0 1
1 2
1 3
0 4
plan 907
0 1
1 2
1 3
0 4
plan 908
0 1
1 2
1 3
0 4
plan 909
0 1
1 2
1 3
0 4
plan 910
0 1
1 2
1 3
0 4
plan 911
0 1
1 2
1 3
0 4
plan 912
0 1
1 2
1 3
0 4
plan 913
0 1
1 2
1 3
0 4
plan 914
0 1
1 2
1 3
0 4
plan 915
0 1
1 2
1 3
0 4
plan 916
0 1
1 2
1 3
0 4
plan 917
0 1
1 2
1 3
0 4
plan 918
0 1
1 2
1 3
0 4
plan 919
0 1
1 2
1 3
0 4
plan 920
0 1
1 2
1 3
0 4
plan 921
0 1
1 2
1 3
0 4
plan 922
0 1
1 2
1 3
0 4
plan 923
0 1
1 2
1 3
0 4
plan 924
0 1
1 2
1 3
0 4
plan 925
0 1
1 2
1 3
0 4
plan 926
0 1
1 2
1 3
0 4
plan 927
0 1
1 2
1 3
0 4
plan 928
0 1
1 2
1 3
0 4
plan 929
0 1
1 2
1 3
0 4
plan 930
0 1
1 2
1 3
0 4
plan 931
0 1
1 2
1 3
0 4
plan 932
0 1
1 2
1 3
0 4
plan 933
0 1
1 2
1 3
0 4
plan 934
0 1
1 2
1 3
0 4
plan 935
0 1
1 2
1 3
0 4
plan 936
0 1
1 2
1 3
0 4
plan 937
0 1
1 2
1 3
0 4
plan 938
0 1
1 2
1 3
0 4
plan 939
0 1
1 2
1 3
0 4
plan 940
0 1
1 2
1 3
0 4
plan 941
0 1
1 2
1 3
0 4
plan 942
0 1
1 2
1 3
0 4
plan 943
0 1
1 2
1 3
0 4
plan 944
0 1
1 2
1 3
0 4
plan 945
0 1
0 2
2 3
2 4
plan 946
0 1
1 2
1 3
0 4
plan 947
0 1
1 2
1 3
0 4
plan 948
0 1
1 2
1 3
0 4
plan 949
0 1
1 2
1 3
0 4
plan 950
0 1
1 2
1 3
0 4
plan 951
0 1
1 2
1 3
0 4
plan 952
0 1
1 2
1 3
0 4
plan 953
0 1
1 2
1 3
0 4
plan 954
0 1
1 2
1 3
0 4
plan 955
0 1
1 2
1 3
0 4
plan 956
0 1
1 2
1 3
0 4
plan 957
0 1
1 2
1 3
0 4
plan 958
0 1
0 2
2 3
2 4
plan 959
0 1
1 2
1 3
0 4
plan 960
0 1
1 2
1 3
0 4
plan 961
0 1
0 2
2 3
2 4
4 5
4 6
plan 962
0 1
0 2
2 3
2 4
4 5
4 6
plan 963
0 1
0 2
2 3
2 4
4 5
4 6
plan 964
0 1
0 2
2 3
2 4
4 5
4 6
plan 965
0 1
0 2
2 3
2 4
4 5
4 6
plan 966
0 1
0 2
2 3
2 4
4 5
4 6
plan 967
0 1
1 2
1 3
3 4
3 5
0 6
plan 968
0 1
0 2
2 3
3 4
3 5
2 6
plan 969
0 1
0 2
2 3
2 4
4 5
4 6
plan 970
0 1
0 2
2 3
3 4
3 5
2 6
plan 971
0 1
0 2
2 3
2 4
4 5
4 6
plan 972
0 1
0 2
2 3
2 4
4 5
4 6
plan 973
0 1
1 2
1 3
3 4
3 5
0 6
plan 974
0 1
0 2
2 3
3 4
3 5
2 6
plan 975
0 1
0 2
2 3
2 4
4 5
4 6
plan 976
0 1
0 2
2 3
3 4
3 5
2 6
plan 977
0 1
0 2
2 3
3 4
3 5
2 6
plan 978
0 1
0 2
2 3
2 4
4 5
4 6
plan 979
0 1
0 2
2 3
2 4
4 5
4 6
plan 980
0 1
0 2
2 3
2 4
4 5
4 6
plan 981
0 1
0 2
2 3
2 4
4 5
4 6
plan 982
0 1
0 2
2 3
3 4
3 5
2 6
plan 983
0 1
0 2
2 3
2 4
4 5
4 6
plan 984
0 1
1 2
1 3
3 4
3 5
0 6
plan 985
0 1
1 2
1 3
3 4
3 5
0 6
plan 986
0 1
1 2
1 3
0 4
4 5
4 6
plan 987
0 1
0 2
2 3
2 4
4 5
4 6
plan 988
0 1
0 2
2 3
2 4
4 5
4 6
plan 989
0 1
0 2
2 3
2 4
4 5
4 6
plan 990
0 1
1 2
1 3
3 4
3 5
0 6
plan 991
0 1
0 2
2 3
3 4
3 5
2 6
plan 992
0 1
0 2
2 3
2 4
4 5
4 6
plan 993
0 1
0 2
2 3
2 4
4 5
4 6
plan 994
0 1
1 2
1 3
3 4
3 5
0 6
plan 995
0 1
0 2
2 3
2 4
4 5
4 6
plan 996
0 1
0 2
2 3
2 4
4 5
4 6
plan 997
0 1
0 2
2 3
2 4
4 5
4 6
plan 998
0 1
0 2
2 3
2 4
4 5
4 6
plan 999
0 1
0 2
2 3
3 4
3 5
2 6
plan 1000
0 1
0 2
2 3
2 4
4 5
4 6
plan 1001
0 1
0 2
2 3
2 4
4 5
4 6
plan 1002
0 1
0 2
2 3
2 4
4 5
4 6
plan 1003
0 1
1 2
1 3
3 4
3 5
0 6
plan 1004
0 1
0 2
2 3
2 4
4 5
4 6
plan 1005
0 1
1 2
1 3
3 4
3 5
0 6
plan 1006
0 1
1 2
2 3
2 4
1 5
0 6
plan 1007
0 1
0 2
2 3
2 4
4 5
4 6
plan 1008
0 1
1 2
1 3
3 4
3 5
0 6
plan 1009
0 1
0 2
2 3
2 4
4 5
4 6
plan 1010
0 1
0 2
2 3
3 4
3 5
2 6
plan 1011
0 1
0 2
2 3
2 4
4 5
4 6
plan 1012
0 1
1 2
2 3
2 4
1 5
0 6
plan 1013
0 1
0 2
2 3
2 4
4 5
4 6
plan 1014
0 1
0 2
2 3
3 4
3 5
2 6
plan 1015
0 1
1 2
2 3
2 4
1 5
0 6
plan 1016
0 1
0 2
2 3
3 4
3 5
2 6
plan 1017
0 1
0 2
2 3
2 4
4 5
4 6
plan 1018
0 1
0 2
2 3
2 4
4 5
4 6
plan 1019
0 1
0 2
2 3
3 4
3 5
2 6
plan 1020
0 1
0 2
2 3
2 4
4 5
4 6
plan 1021
0 1
0 2
2 3
3 4
3 5
2 6
plan 1022
0 1
0 2
2 3
2 4
4 5
4 6
plan 1023
0 1
1 2
1 3
3 4
3 5
0 6
plan 1024
0 1
1 2
1 3
3 4
3 5
0 6
plan 1025
0 1
0 2
2 3
3 4
3 5
2 6
plan 1026
0 1
1 2
1 3
3 4
3 5
0 6
plan 1027
0 1
0 2
2 3
2 4
4 5
4 6
plan 1028
0 1
1 2
1 3
3 4
3 5
0 6
plan 1029
0 1
1 2
1 3
3 4
3 5
0 6
plan 1030
0 1
0 2
2 3
2 4
4 5
4 6
plan 1031
0 1
0 2
2 3
2 4
4 5
4 6
plan 1032
0 1
1 2
2 3
2 4
1 5
0 6
plan 1033
0 1
0 2
2 3
2 4
4 5
4 6
plan 1034
0 1
1 2
2 3
2 4
1 5
0 6
plan 1035
0 1
1 2
2 3
2 4
1 5
0 6
plan 1036
0 1
0 2
2 3
2 4
4 5
4 6
plan 1037
0 1
0 2
2 3
2 4
4 5
4 6
plan 1038
0 1
0 2
2 3
3 4
3 5
2 6
plan 1039
0 1
0 2
2 3
2 4
4 5
4 6
plan 1040
0 1
1 2
2 3
2 4
1 5
0 6
plan 1041
0 1
0 2
2 3
2 4
4 5
4 6
plan 1042
0 1
1 2
1 3
0 4
4 5
4 6
plan 1043
0 1
0 2
2 3
2 4
4 5
4 6
plan 1044
0 1
0 2
2 3
2 4
4 5
4 6
plan 1045
0 1
0 2
2 3
2 4
4 5
4 6
plan 1046
0 1
0 2
2 3
2 4
4 5
4 6
plan 1047
0 1
0 2
2 3
2 4
4 5
4 6
plan 1048
0 1
0 2
2 3
2 4
4 5
4 6
plan 1049
0 1
0 2
2 3
2 4
4 5
4 6
plan 1050
0 1
0 2
2 3
2 4
4 5
4 6
plan 1051
0 1
0 2
2 3
2 4
4 5
4 6
plan 1052
0 1
0 2
2 3
2 4
4 5
4 6
plan 1053
0 1
0 2
2 3
2 4
4 5
4 6
plan 1054
0 1
0 2
2 3
2 4
4 5
4 6
plan 1055
0 1
0 2
2 3
3 4
3 5
2 6
plan 1056
0 1
0 2
2 3
3 4
3 5
2 6
plan 1057
0 1
0 2
2 3
2 4
4 5
4 6
plan 1058
0 1
1 2
1 3
0 4
4 5
4 6
plan 1059
0 1
0 2
2 3
2 4
4 5
4 6
plan 1060
0 1
0 2
2 3
2 4
4 5
4 6
plan 1061
0 1
0 2
2 3
2 4
4 5
4 6
plan 1062
0 1
0 2
2 3
2 4
4 5
4 6
plan 1063
0 1
0 2
2 3
3 4
3 5
2 6
plan 1064
0 1
1 2
1 3
0 4
4 5
4 6
plan 1065
0 1
0 2
2 3
2 4
4 5
4 6
plan 1066
0 1
0 2
2 3
3 4
3 5
2 6
plan 1067
0 1
1 2
1 3
0 4
4 5
4 6
plan 1068
0 1
1 2
1 3
0 4
4 5
4 6
plan 1069
0 1
1 2
1 3
0 4
4 5
4 6
plan 1070
0 1
0 2
2 3
2 4
4 5
4 6
plan 1071
0 1
0 2
2 3
2 4
4 5
4 6
plan 1072
0 1
0 2
2 3
3 4
3 5
2 6
plan 1073
0 1
0 2
2 3
2 4
4 5
4 6
plan 1074
0 1
0 2
2 3
2 4
4 5
4 6
plan 1075
0 1
0 2
2 3
2 4
4 5
4 6
plan 1076
0 1
0 2
2 3
2 4
4 5
4 6
plan 1077
0 1
1 2
1 3
0 4
4 5
4 6
plan 1078
0 1
0 2
2 3
2 4
4 5
4 6
plan 1079
0 1
0 2
2 3
2 4
4 5
4 6
plan 1080
0 1
1 2
1 3
0 4
4 5
4 6
plan 1081
0 1
0 2
2 3
2 4
4 5
4 6
plan 1082
0 1
0 2
2 3
2 4
4 5
4 6
plan 1083
0 1
0 2
2 3
3 4
3 5
2 6
plan 1084
0 1
0 2
2 3
2 4
4 5
4 6
plan 1085
0 1
0 2
2 3
3 4
3 5
2 6
plan 1086
0 1
0 2
2 3
2 4
4 5
4 6
plan 1087
0 1
0 2
2 3
2 4
4 5
4 6
plan 1088
0 1
0 2
2 3
2 4
4 5
4 6
plan 1089
0 1
0 2
2 3
3 4
3 5
2 6
plan 1090
0 1
0 2
2 3
2 4
4 5
4 6
plan 1091
0 1
0 2
2 3
2 4
4 5
4 6
plan 1092
0 1
0 2
2 3
2 4
4 5
4 6
plan 1093
0 1
1 2
1 3
0 4
4 5
4 6
plan 1094
0 1
0 2
2 3
2 4
4 5
4 6
plan 1095
0 1
0 2
2 3
2 4
4 5
4 6
plan 1096
0 1
1 2
1 3
0 4
4 5
4 6
plan 1097
0 1
1 2
1 3
0 4
4 5
4 6
plan 1098
0 1
1 2
1 3
0 4
4 5
4 6
plan 1099
0 1
1 2
1 3
0 4
4 5
4 6
plan 1100
0 1
1 2
1 3
0 4
4 5
4 6
plan 1101
0 1
1 2
1 3
0 4
4 5
4 6
plan 1102
0 1
0 2
2 3
3 4
3 5
2 6
plan 1103
0 1
0 2
2 3
3 4
3 5
2 6
plan 1104
0 1
0 2
2 3
2 4
4 5
4 6
plan 1105
0 1
0 2
2 3
2 4
4 5
4 6
plan 1106
0 1
0 2
2 3
2 4
4 5
4 6
plan 1107
0 1
0 2
2 3
2 4
4 5
4 6
plan 1108
0 1
1 2
1 3
0 4
4 5
4 6
plan 1109
0 1
1 2
1 3
0 4
4 5
4 6
plan 1110
0 1
1 2
1 3
0 4
4 5
4 6
plan 1111
0 1
0 2
2 3
3 4
3 5
2 6
plan 1112
0 1
1 2
1 3
3 4
3 5
0 6
plan 1113
0 1
0 2
2 3
3 4
3 5
2 6
plan 1114
0 1
0 2
2 3
2 4
4 5
4 6
plan 1115
0 1
1 2
1 3
0 4
4 5
4 6
plan 1116
0 1
0 2
2 3
3 4
3 5
2 6
plan 1117
0 1
1 2
1 3
0 4
4 5
4 6
plan 1118
0 1
1 2
1 3
0 4
4 5
4 6
plan 1119
0 1
1 2
1 3
0 4
4 5
4 6
plan 1120
0 1
0 2
2 3
2 4
4 5
4 6
plan 1121
0 1
0 2
2 3
3 4
3 5
2 6
plan 1122
0 1
1 2
1 3
0 4
4 5
4 6
plan 1123
0 1
0 2
2 3
2 4
4 5
4 6
plan 1124
0 1
0 2
2 3
3 4
3 5
2 6
plan 1125
0 1
0 2
2 3
3 4
3 5
2 6
plan 1126
0 1
0 2
2 3
2 4
4 5
4 6
plan 1127
0 1
0 2
2 3
3 4
3 5
2 6
plan 1128
0 1
0 2
2 3
3 4
3 5
2 6
plan 1129
0 1
1 2
1 3
0 4
4 5
4 6
plan 1130
0 1
0 2
2 3
3 4
3 5
2 6
plan 1131
0 1
0 2
2 3
2 4
4 5
4 6
plan 1132
0 1
1 2
1 3
0 4
4 5
4 6
plan 1133
0 1
0 2
2 3
2 4
4 5
4 6
plan 1134
0 1
0 2
2 3
3 4
3 5
2 6
plan 1135
0 1
1 2
1 3
0 4
4 5
4 6
plan 1136
0 1
0 2
2 3
3 4
3 5
2 6
plan 1137
0 1
1 2
1 3
0 4
4 5
4 6
plan 1138
0 1
1 2
1 3
0 4
4 5
4 6
plan 1139
0 1
1 2
1 3
0 4
4 5
4 6
plan 1140
0 1
1 2
1 3
0 4
4 5
4 6
plan 1141
0 1
0 2
2 3
2 4
4 5
4 6
plan 1142
0 1
1 2
1 3
0 4
4 5
4 6
plan 1143
0 1
0 2
2 3
2 4
4 5
4 6
plan 1144
0 1
1 2
1 3
0 4
4 5
4 6
plan 1145
0 1
1 2
1 3
0 4
4 5
4 6
plan 1146
0 1
0 2
2 3
2 4
4 5
4 6
plan 1147
0 1
0 2
2 3
2 4
4 5
4 6
plan 1148
0 1
0 2
2 3
2 4
4 5
4 6
plan 1149
0 1
0 2
2 3
2 4
4 5
4 6
plan 1150
0 1
0 2
2 3
2 4
4 5
4 6
plan 1151
0 1
0 2
2 3
3 4
3 5
2 6
plan 1152
0 1
1 2
1 3
0 4
4 5
4 6
plan 1153
0 1
0 2
2 3
2 4
4 5
4 6
plan 1154
0 1
0 2
2 3
2 4
4 5
4 6
plan 1155
0 1
1 2
1 3
0 4
4 5
4 6
plan 1156
0 1
1 2
1 3
0 4
4 5
4 6
plan 1157
0 1
1 2
1 3
0 4
4 5
4 6
plan 1158
0 1
0 2
2 3
2 4
4 5
4 6
plan 1159
0 1
0 2
2 3
2 4
4 5
4 6
plan 1160
0 1
1 2
1 3
0 4
4 5
4 6
plan 1161
0 1
0 2
2 3
3 4
3 5
2 6
plan 1162
0 1
0 2
2 3
3 4
3 5
2 6
plan 1163
0 1
1 2
2 3
2 4
1 5
0 6
plan 1164
0 1
0 2
2 3
2 4
4 5
4 6
plan 1165
0 1
1 2
1 3
0 4
4 5
4 6
plan 1166
0 1
1 2
1 3
3 4
3 5
0 6
plan 1167
0 1
1 2
2 3
2 4
1 5
0 6
plan 1168
0 1
1 2
2 3
2 4
1 5
0 6
plan 1169
0 1
1 2
2 3
2 4
1 5
0 6
plan 1170
0 1
0 2
2 3
3 4
3 5
2 6
plan 1171
0 1
1 2
1 3
3 4
3 5
0 6
plan 1172
0 1
1 2
1 3
3 4
3 5
0 6
plan 1173
0 1
1 2
2 3
2 4
1 5
0 6
plan 1174
0 1
1 2
1 3
3 4
3 5
0 6
plan 1175
0 1
1 2
2 3
2 4
1 5
0 6
plan 1176
0 1
1 2
1 3
3 4
3 5
0 6
plan 1177
0 1
1 2
2 3
2 4
1 5
0 6
plan 1178
0 1
1 2
1 3
3 4
3 5
0 6
plan 1179
0 1
1 2
2 3
2 4
1 5
0 6
plan 1180
0 1
0 2
2 3
3 4
3 5
2 6
plan 1181
0 1
1 2
1 3
3 4
3 5
0 6
plan 1182
0 1
1 2
2 3
2 4
1 5
0 6
plan 1183
0 1
1 2
1 3
3 4
3 5
0 6
plan 1184
0 1
1 2
1 3
3 4
3 5
0 6
plan 1185
0 1
0 2
2 3
3 4
3 5
2 6
plan 1186
0 1
1 2
1 3
3 4
3 5
0 6
plan 1187
0 1
0 2
2 3
2 4
4 5
4 6
plan 1188
0 1
1 2
2 3
2 4
1 5
0 6
plan 1189
0 1
1 2
2 3
2 4
1 5
0 6
plan 1190
0 1
1 2
1 3
3 4
3 5
0 6
plan 1191
0 1
1 2
1 3
3 4
3 5
0 6
plan 1192
0 1
0 2
2 3
3 4
3 5
2 6
plan 1193
0 1
1 2
1 3
0 4
4 5
4 6
plan 1194
0 1
1 2
1 3
3 4
3 5
0 6
plan 1195
0 1
1 2
2 3
2 4
1 5
0 6
plan 1196
0 1
1 2
2 3
2 4
1 5
0 6
plan 1197
0 1
1 2
1 3
3 4
3 5
0 6
plan 1198
0 1
1 2
2 3
2 4
1 5
0 6
plan 1199
0 1
1 2
2 3
2 4
1 5
0 6
plan 1200
0 1
1 2
1 3
3 4
3 5
0 6
plan 1201
0 1
1 2
2 3
2 4
1 5
0 6
plan 1202
0 1
1 2
2 3
2 4
1 5
0 6
plan 1203
0 1
1 2
2 3
2 4
1 5
0 6
plan 1204
0 1
1 2
1 3
3 4
3 5
0 6
plan 1205
0 1
1 2
2 3
2 4
1 5
0 6
plan 1206
0 1
1 2
2 3
2 4
1 5
0 6
plan 1207
0 1
1 2
1 3
3 4
3 5
0 6
plan 1208
0 1
1 2
1 3
3 4
3 5
0 6
plan 1209
0 1
1 2
2 3
2 4
1 5
0 6
plan 1210
0 1
1 2
2 3
2 4
1 5
0 6
plan 1211
0 1
1 2
2 3
2 4
1 5
0 6
plan 1212
0 1
1 2
1 3
3 4
3 5
0 6
plan 1213
0 1
0 2
2 3
2 4
4 5
4 6
plan 1214
0 1
0 2
2 3
2 4
4 5
4 6
plan 1215
0 1
1 2
1 3
3 4
3 5
0 6
plan 1216
0 1
1 2
1 3
3 4
3 5
0 6
plan 1217
0 1
1 2
2 3
2 4
1 5
0 6
plan 1218
0 1
0 2
2 3
3 4
3 5
2 6
plan 1219
0 1
1 2
1 3
3 4
3 5
0 6
plan 1220
0 1
0 2
2 3
3 4
3 5
2 6
plan 1221
0 1
1 2
1 3
3 4
3 5
0 6
plan 1222
0 1
1 2
1 3
3 4
3 5
0 6
plan 1223
0 1
0 2
2 3
3 4
3 5
2 6
plan 1224
0 1
1 2
1 3
3 4
3 5
0 6
plan 1225
0 1
1 2
1 3
3 4
3 5
0 6
plan 1226
0 1
1 2
1 3
3 4
3 5
0 6
plan 1227
0 1
0 2
2 3
3 4
3 5
2 6
plan 1228
0 1
1 2
2 3
2 4
1 5
0 6
plan 1229
0 1
0 2
2 3
3 4
3 5
2 6
plan 1230
0 1
1 2
2 3
2 4
1 5
0 6
plan 1231
0 1
0 2
2 3
3 4
3 5
2 6
plan 1232
0 1
1 2
1 3
3 4
3 5
0 6
plan 1233
0 1
1 2
2 3
2 4
1 5
0 6
plan 1234
0 1
1 2
2 3
2 4
1 5
0 6
plan 1235
0 1
0 2
2 3
2 4
4 5
4 6
plan 1236
0 1
1 2
2 3
2 4
1 5
0 6
plan 1237
0 1
1 2
1 3
0 4
4 5
4 6
plan 1238
0 1
1 2
2 3
2 4
1 5
0 6
plan 1239
0 1
1 2
2 3
2 4
1 5
0 6
plan 1240
0 1
1 2
1 3
3 4
3 5
0 6
plan 1241
0 1
1 2
2 3
2 4
1 5
0 6
plan 1242
0 1
0 2
2 3
2 4
4 5
4 6
plan 1243
0 1
0 2
2 3
3 4
3 5
2 6
plan 1244
0 1
0 2
2 3
3 4
3 5
2 6
plan 1245
0 1
0 2
2 3
3 4
3 5
2 6
plan 1246
0 1
0 2
2 3
2 4
4 5
4 6
plan 1247
0 1
0 2
2 3
3 4
3 5
2 6
plan 1248
0 1
0 2
2 3
3 4
3 5
2 6
plan 1249
0 1
1 2
1 3
3 4
3 5
0 6
plan 1250
0 1
0 2
2 3
2 4
4 5
4 6
plan 1251
0 1
0 2
2 3
3 4
3 5
2 6
plan 1252
0 1
1 2
1 3
0 4
4 5
4 6
plan 1253
0 1
0 2
2 3
2 4
4 5
4 6
plan 1254
0 1
1 2
2 3
2 4
1 5
0 6
plan 1255
0 1
0 2
2 3
2 4
4 5
4 6
plan 1256
0 1
0 2
2 3
3 4
3 5
2 6
plan 1257
0 1
0 2
2 3
2 4
4 5
4 6
plan 1258
0 1
0 2
2 3
3 4
3 5
2 6
plan 1259
0 1
0 2
2 3
3 4
3 5
2 6
plan 1260
0 1
0 2
2 3
3 4
3 5
2 6
plan 1261
0 1
1 2
1 3
0 4
4 5
4 6
plan 1262
0 1
0 2
2 3
3 4
3 5
2 6
plan 1263
0 1
1 2
1 3
0 4
4 5
4 6
plan 1264
0 1
1 2
2 3
2 4
1 5
0 6
plan 1265
0 1
0 2
2 3
3 4
3 5
2 6
plan 1266
0 1
0 2
2 3
3 4
3 5
2 6
plan 1267
0 1
0 2
2 3
3 4
3 5
2 6
plan 1268
0 1
0 2
2 3
3 4
3 5
2 6
plan 1269
0 1
1 2
2 3
2 4
1 5
0 6
plan 1270
0 1
0 2
2 3
3 4
3 5
2 6
plan 1271
0 1
0 2
2 3
2 4
4 5
4 6
plan 1272
0 1
1 2
2 3
2 4
1 5
0 6
plan 1273
0 1
0 2
2 3
3 4
3 5
2 6
plan 1274
0 1
1 2
1 3
0 4
4 5
4 6
plan 1275
0 1
0 2
2 3
3 4
3 5
2 6
plan 1276
0 1
1 2
2 3
2 4
1 5
0 6
plan 1277
0 1
0 2
2 3
3 4
3 5
2 6
plan 1278
0 1
0 2
2 3
2 4
4 5
4 6
plan 1279
0 1
0 2
2 3
2 4
4 5
4 6
plan 1280
0 1
0 2
2 3
3 4
3 5
2 6
plan 1281
0 1
1 2
1 3
3 4
3 5
0 6
plan 1282
0 1
1 2
1 3
0 4
4 5
4 6
plan 1283
0 1
0 2
2 3
3 4
3 5
2 6
plan 1284
0 1
1 2
1 3
3 4
3 5
0 6
plan 1285
0 1
0 2
2 3
3 4
3 5
2 6
plan 1286
0 1
0 2
2 3
3 4
3 5
2 6
plan 1287
0 1
0 2
2 3
2 4
4 5
4 6
plan 1288
0 1
0 2
2 3
2 4
4 5
4 6
plan 1289
0 1
0 2
2 3
3 4
3 5
2 6
plan 1290
0 1
1 2
1 3
3 4
3 5
0 6
plan 1291
0 1
0 2
2 3
2 4
4 5
4 6
plan 1292
0 1
0 2
2 3
3 4
3 5
2 6
plan 1293
0 1
0 2
2 3
3 4
3 5
2 6
plan 1294
0 1
0 2
2 3
2 4
4 5
4 6
plan 1295
0 1
0 2
2 3
2 4
4 5
4 6
plan 1296
0 1
0 2
2 3
2 4
4 5
4 6
plan 1297
0 1
1 2
1 3
0 4
4 5
4 6
plan 1298
0 1
1 2
2 3
2 4
1 5
0 6
plan 1299
0 1
0 2
2 3
3 4
3 5
2 6
plan 1300
0 1
0 2
2 3
3 4
3 5
2 6
plan 1301
0 1
0 2
2 3
3 4
3 5
2 6
plan 1302
0 1
1 2
1 3
3 4
3 5
0 6
plan 1303
0 1
1 2
2 3
2 4
1 5
0 6
plan 1304
0 1
1 2
2 3
2 4
1 5
0 6
plan 1305
0 1
1 2
1 3
0 4
4 5
4 6
plan 1306
0 1
0 2
2 3
3 4
3 5
2 6
plan 1307
0 1
0 2
2 3
3 4
3 5
2 6
plan 1308
0 1
0 2
2 3
3 4
3 5
2 6
plan 1309
0 1
0 2
2 3
2 4
4 5
4 6
plan 1310
0 1
1 2
1 3
0 4
4 5
4 6
plan 1311
0 1
0 2
2 3
2 4
4 5
4 6
plan 1312
0 1
0 2
2 3
3 4
3 5
2 6
plan 1313
0 1
0 2
2 3
3 4
3 5
2 6
plan 1314
0 1
0 2
2 3
3 4
3 5
2 6
plan 1315
0 1
0 2
2 3
2 4
4 5
4 6
plan 1316
0 1
0 2
2 3
2 4
4 5
4 6
plan 1317
0 1
0 2
2 3
3 4
3 5
2 6
plan 1318
0 1
1 2
1 3
0 4
4 5
4 6
plan 1319
0 1
0 2
2 3
3 4
3 5
2 6
plan 1320
0 1
0 2
2 3
3 4
3 5
2 6
plan 1321
0 1
0 2
2 3
3 4
3 5
2 6
plan 1322
0 1
1 2
1 3
0 4
4 5
4 6
plan 1323
0 1
1 2
1 3
0 4
4 5
4 6
plan 1324
0 1
0 2
2 3
3 4
3 5
2 6
plan 1325
0 1
0 2
2 3
3 4
3 5
2 6
plan 1326
0 1
0 2
2 3
3 4
3 5
2 6
plan 1327
0 1
0 2
2 3
3 4
3 5
2 6
plan 1328
0 1
1 2
1 3
0 4
4 5
4 6
plan 1329
0 1
0 2
2 3
3 4
3 5
2 6
plan 1330
0 1
0 2
2 3
3 4
3 5
2 6
plan 1331
0 1
1 2
1 3
0 4
4 5
4 6
plan 1332
0 1
1 2
1 3
0 4
4 5
4 6
plan 1333
0 1
0 2
2 3
3 4
3 5
2 6
plan 1334
0 1
0 2
2 3
3 4
3 5
2 6
plan 1335
0 1
0 2
2 3
3 4
3 5
2 6
plan 1336
0 1
0 2
2 3
3 4
3 5
2 6
plan 1337
0 1
0 2
2 3
3 4
3 5
2 6
plan 1338
0 1
0 2
2 3
3 4
3 5
2 6
plan 1339
0 1
0 2
2 3
3 4
3 5
2 6
plan 1340
0 1
1 2
1 3
0 4
4 5
4 6
plan 1341
0 1
0 2
2 3
3 4
3 5
2 6
plan 1342
0 1
0 2
2 3
3 4
3 5
2 6
plan 1343
0 1
0 2
2 3
2 4
4 5
4 6
plan 1344
0 1
1 2
1 3
0 4
4 5
4 6
plan 1345
0 1
0 2
2 3
3 4
3 5
2 6
plan 1346
0 1
0 2
2 3
3 4
3 5
2 6
plan 1347
0 1
0 2
2 3
3 4
3 5
2 6
plan 1348
0 1
1 2
1 3
0 4
4 5
4 6
plan 1349
0 1
0 2
2 3
3 4
3 5
2 6
plan 1350
0 1
0 2
2 3
3 4
3 5
2 6
plan 1351
0 1
0 2
2 3
3 4
3 5
2 6
plan 1352
0 1
0 2
2 3
3 4
3 5
2 6
plan 1353
0 1
0 2
2 3
3 4
3 5
2 6
plan 1354
0 1
0 2
2 3
3 4
3 5
2 6
plan 1355
0 1
0 2
2 3
3 4
3 5
2 6
plan 1356
0 1
1 2
1 3
0 4
4 5
4 6
plan 1357
0 1
1 2
1 3
0 4
4 5
4 6
plan 1358
0 1
0 2
2 3
3 4
3 5
2 6
plan 1359
0 1
0 2
2 3
3 4
3 5
2 6
plan 1360
0 1
0 2
2 3
2 4
4 5
4 6
plan 1361
0 1
0 2
2 3
3 4
3 5
2 6
plan 1362
0 1
0 2
2 3
3 4
3 5
2 6
plan 1363
0 1
0 2
2 3
2 4
4 5
4 6
plan 1364
0 1
1 2
1 3
0 4
4 5
4 6
plan 1365
0 1
0 2
2 3
3 4
3 5
2 6
plan 1366
0 1
0 2
2 3
3 4
3 5
2 6
plan 1367
0 1
1 2
1 3
0 4
4 5
4 6
plan 1368
0 1
0 2
2 3
3 4
3 5
2 6
plan 1369
0 1
0 2
2 3
2 4
4 5
4 6
plan 1370
0 1
0 2
2 3
3 4
3 5
2 6
plan 1371
0 1
0 2
2 3
3 4
3 5
2 6
plan 1372
0 1
1 2
1 3
0 4
4 5
4 6
plan 1373
0 1
0 2
2 3
3 4
3 5
2 6
plan 1374
0 1
0 2
2 3
3 4
3 5
2 6
plan 1375
0 1
1 2
1 3
0 4
4 5
4 6
plan 1376
0 1
0 2
2 3
3 4
3 5
2 6
plan 1377
0 1
0 2
2 3
2 4
4 5
4 6
plan 1378
0 1
0 2
2 3
3 4
3 5
2 6
plan 1379
0 1
0 2
2 3
2 4
4 5
4 6
plan 1380
0 1
0 2
2 3
3 4
3 5
2 6
plan 1381
0 1
0 2
2 3
3 4
3 5
2 6
plan 1382
0 1
1 2
1 3
0 4
4 5
4 6
plan 1383
0 1
0 2
2 3
3 4
3 5
2 6
plan 1384
0 1
0 2
2 3
2 4
4 5
4 6
plan 1385
0 1
0 2
2 3
3 4
3 5
2 6
plan 1386
0 1
1 2
1 3
0 4
4 5
4 6
plan 1387
0 1
0 2
2 3
2 4
4 5
4 6
plan 1388
0 1
1 2
1 3
0 4
4 5
4 6
plan 1389
0 1
0 2
2 3
3 4
3 5
2 6
plan 1390
0 1
1 2
1 3
0 4
4 5
4 6
plan 1391
0 1
0 2
2 3
3 4
3 5
2 6
plan 1392
0 1
0 2
2 3
2 4
4 5
4 6
plan 1393
0 1
0 2
2 3
3 4
3 5
2 6
plan 1394
0 1
0 2
2 3
2 4
4 5
4 6
plan 1395
0 1
0 2
2 3
2 4
4 5
4 6
plan 1396
0 1
1 2
1 3
0 4
4 5
4 6
plan 1397
0 1
1 2
1 3
0 4
4 5
4 6
plan 1398
0 1
0 2
2 3
2 4
4 5
4 6
plan 1399
0 1
1 2
1 3
0 4
4 5
4 6
plan 1400
0 1
0 2
2 3
3 4
3 5
2 6
plan 1401
0 1
0 2
2 3
3 4
3 5
2 6
plan 1402
0 1
0 2
2 3
3 4
3 5
2 6
plan 1403
0 1
0 2
2 3
2 4
4 5
4 6
plan 1404
0 1
0 2
2 3
3 4
3 5
2 6
plan 1405
0 1
0 2
2 3
3 4
3 5
2 6
plan 1406
0 1
1 2
1 3
0 4
4 5
4 6
plan 1407
0 1
0 2
2 3
3 4
3 5
2 6
plan 1408
0 1
0 2
2 3
3 4
3 5
2 6
plan 1409
0 1
0 2
2 3
2 4
4 5
4 6
plan 1410
0 1
0 2
2 3
2 4
4 5
4 6
plan 1411
0 1
0 2
2 3
3 4
3 5
2 6
plan 1412
0 1
1 2
1 3
0 4
4 5
4 6
plan 1413
0 1
0 2
2 3
3 4
3 5
2 6
plan 1414
0 1
0 2
2 3
3 4
3 5
2 6
plan 1415
0 1
1 2
1 3
0 4
4 5
4 6
plan 1416
0 1
1 2
1 3
0 4
4 5
4 6
plan 1417
0 1
0 2
2 3
3 4
3 5
2 6
plan 1418
0 1
0 2
2 3
3 4
3 5
2 6
plan 1419
0 1
0 2
2 3
3 4
3 5
2 6
plan 1420
0 1
0 2
2 3
2 4
4 5
4 6
plan 1421
0 1
0 2
2 3
3 4
3 5
2 6
plan 1422
0 1
0 2
2 3
3 4
3 5
2 6
plan 1423
0 1
0 2
2 3
3 4
3 5
2 6
plan 1424
0 1
0 2
2 3
3 4
3 5
2 6
plan 1425
0 1
0 2
2 3
3 4
3 5
2 6
plan 1426
0 1
1 2
1 3
0 4
4 5
4 6
plan 1427
0 1
0 2
2 3
3 4
3 5
2 6
plan 1428
0 1
0 2
2 3
3 4
3 5
2 6
plan 1429
0 1
1 2
1 3
0 4
4 5
4 6
plan 1430
0 1
0 2
2 3
3 4
3 5
2 6
plan 1431
0 1
0 2
2 3
3 4
3 5
2 6
plan 1432
0 1
0 2
2 3
3 4
3 5
2 6
plan 1433
0 1
0 2
2 3
3 4
3 5
2 6
plan 1434
0 1
0 2
2 3
3 4
3 5
2 6
plan 1435
0 1
0 2
2 3
3 4
3 5
2 6
plan 1436
0 1
0 2
2 3
2 4
4 5
4 6
plan 1437
0 1
0 2
2 3
2 4
4 5
4 6
plan 1438
0 1
0 2
2 3
2 4
4 5
4 6
plan 1439
0 1
1 2
1 3
3 4
3 5
0 6
plan 1440
0 1
0 2
2 3
2 4
4 5
4 6
plan 1441
0 1
0 2
2 3
2 4
4 5
4 6
plan 1442
0 1
1 2
1 3
3 4
3 5
0 6
plan 1443
0 1
1 2
1 3
3 4
3 5
0 6
plan 1444
0 1
1 2
1 3
3 4
3 5
0 6
plan 1445
0 1
0 2
2 3
2 4
4 5
4 6
plan 1446
0 1
1 2
1 3
3 4
3 5
0 6
plan 1447
0 1
0 2
2 3
2 4
4 5
4 6
plan 1448
0 1
1 2
1 3
3 4
3 5
0 6
plan 1449
0 1
0 2
2 3
2 4
4 5
4 6
plan 1450
0 1
0 2
2 3
3 4
3 5
2 6
plan 1451
0 1
0 2
2 3
2 4
4 5
4 6
plan 1452
0 1
1 2
2 3
2 4
1 5
0 6
plan 1453
0 1
1 2
2 3
2 4
1 5
0 6
plan 1454
0 1
0 2
2 3
2 4
4 5
4 6
plan 1455
0 1
1 2
2 3
2 4
1 5
0 6
plan 1456
0 1
1 2
1 3
3 4
3 5
0 6
plan 1457
0 1
1 2
1 3
3 4
3 5
0 6
plan 1458
0 1
0 2
2 3
2 4
4 5
4 6
plan 1459
0 1
1 2
2 3
2 4
1 5
0 6
plan 1460
0 1
1 2
1 3
3 4
3 5
0 6
plan 1461
0 1
0 2
2 3
2 4
4 5
4 6
plan 1462
0 1
0 2
2 3
2 4
4 5
4 6
plan 1463
0 1
0 2
2 3
2 4
4 5
4 6
plan 1464
0 1
1 2
1 3
3 4
3 5
0 6
plan 1465
0 1
0 2
2 3
2 4
4 5
4 6
plan 1466
0 1
1 2
1 3
3 4
3 5
0 6
plan 1467
0 1
0 2
2 3
2 4
4 5
4 6
plan 1468
0 1
1 2
1 3
3 4
3 5
0 6
plan 1469
0 1
0 2
2 3
2 4
4 5
4 6
plan 1470
0 1
0 2
2 3
2 4
4 5
4 6
plan 1471
0 1
0 2
2 3
2 4
4 5
4 6
plan 1472
0 1
1 2
1 3
3 4
3 5
0 6
plan 1473
0 1
0 2
2 3
2 4
4 5
4 6
plan 1474
0 1
0 2
2 3
2 4
4 5
4 6
plan 1475
0 1
1 2
1 3
3 4
3 5
0 6
plan 1476
0 1
1 2
1 3
0 4
4 5
4 6
plan 1477
0 1
1 2
1 3
3 4
3 5
0 6
plan 1478
0 1
0 2
2 3
2 4
4 5
4 6
plan 1479
0 1
1 2
1 3
3 4
3 5
0 6
plan 1480
0 1
1 2
1 3
0 4
4 5
4 6
plan 1481
0 1
0 2
2 3
2 4
4 5
4 6
plan 1482
0 1
0 2
2 3
2 4
4 5
4 6
plan 1483
0 1
1 2
1 3
0 4
4 5
4 6
plan 1484
0 1
1 2
1 3
3 4
3 5
0 6
plan 1485
0 1
0 2
2 3
2 4
4 5
4 6
plan 1486
0 1
1 2
1 3
3 4
3 5
0 6
plan 1487
0 1
0 2
2 3
2 4
4 5
4 6
plan 1488
0 1
1 2
2 3
2 4
1 5
0 6
plan 1489
0 1
1 2
1 3
3 4
3 5
0 6
plan 1490
0 1
0 2
2 3
2 4
4 5
4 6
plan 1491
0 1
0 2
2 3
2 4
4 5
4 6
plan 1492
0 1
0 2
2 3
2 4
4 5
4 6
plan 1493
0 1
0 2
2 3
2 4
4 5
4 6
plan 1494
0 1
0 2
2 3
2 4
4 5
4 6
plan 1495
0 1
0 2
2 3
2 4
4 5
4 6
plan 1496
0 1
0 2
2 3
2 4
4 5
4 6
plan 1497
0 1
0 2
2 3
2 4
4 5
4 6
plan 1498
0 1
0 2
2 3
2 4
4 5
4 6
plan 1499
0 1
0 2
2 3
2 4
4 5
4 6
plan 1500
0 1
0 2
2 3
2 4
4 5
4 6
plan 1501
0 1
1 2
1 3
3 4
3 5
0 6
