plan 1
0
3627
3
plan 2
31924
33452
40317
plan 3
0
46756
14484
plan 4
2465
57563
599
plan 5
26013
26013
40324
plan 6
9538
9971
40312
plan 7
532
24364
5
plan 8
51583
51583
40324
plan 9
184
44463
1
plan 10
14540
14808
40313
plan 11
0
32458
9394
plan 12
74
5596
2
plan 13
12896
18155
4536
plan 14
9022
9022
23191
plan 15
774
46756
2
plan 16
67931
67931
40324
plan 17
0
11911
2
plan 18
131
12230
2
plan 19
52154
61834
29381
plan 20
21425
51190
37316
plan 21
41076
41252
40324
plan 22
45344
46118
40323
plan 23
646
67892
2
plan 24
32321
32321
40324
plan 25
774
18916
2
plan 26
76176
78172
40315
plan 27
6570
24883
14007
plan 28
456
63323
1
plan 29
324
15287
6
plan 30
0
46510
1
plan 31
42780
53006
38857
plan 32
0
24345
1
plan 33
28374
28374
40310
plan 34
1961
14104
125
plan 35
0
39865
1
plan 36
63610
64163
40323
plan 37
181
10090
12
plan 38
0
19166
14990
plan 39
456
33982
1
plan 40
46286
48282
40315
plan 41
77616
133166
23458
plan 42
114170
102464
3732
plan 43
110607
89574
8943
plan 44
15086836
165276
65888
plan 45
0
1
0
plan 46
14346742
156084
76956
plan 47
56724
132714
19008
plan 48
5258688
132714
88610
plan 49
164296
132714
39108
plan 50
8596800
158600
105832
plan 51
15829708
174304
69438
plan 52
100508
132714
32276
plan 53
0
1
1
plan 54
9650338
134888
42200
plan 55
81396
44844
2451
plan 56
57856
12304
7606
plan 57
12632388
70584
37592
plan 58
1046
8120
71668
plan 59
3198036
52648
49224
plan 60
8924252
154380
110616
plan 61
1280
106162
1696
plan 62
3872
132714
3204
plan 63
0
1
1263
plan 64
338760
37848
47158
plan 65
165116
165854
36048
plan 66
2854820
103060
40446
plan 67
9978164
134888
57371
plan 68
644400
174304
32346
plan 69
10138440
134888
63324
plan 70
105052
17344
152872
plan 71
14944138
162436
75310
plan 72
10227802
134888
76500
plan 73
1190175
142386
87267
plan 74
15878246
174304
73620
plan 75
2965128
132714
50728
plan 76
335104
24536
17806
plan 77
1486460
20576
123230
plan 78
87176
13344
92110
plan 79
6854596
132714
114188
plan 80
100508
132714
32738
plan 81
9146
42920
7986
plan 82
263103840
174304
280884
plan 83
531609
74277
128763
plan 84
1458076
132714
85842
plan 85
2408577
165402
78309
plan 86
1792434
170328
128763
plan 87
165280208
134888
301352
plan 88
4207426
132692
43018
plan 89
1458076
132714
85842
plan 90
54830368
66180
128152
plan 91
0
122752
34108
plan 92
153104574
136794
216552
plan 93
9633114
119181
397983
plan 94
188931294
203667
339309
plan 95
1204920
119412
85842
plan 96
39354140
57808
159866
plan 97
21914302
132714
90320
plan 98
554080
96928
41610
plan 99
1542230
151142
85842
plan 100
1458076
132714
85842
plan 101
336508
42920
39418
plan 102
162903616
134888
281632
plan 103
1325086
118424
85842
plan 104
65333412
60422
166868
plan 105
31007844
113304
82432
plan 106
5017624
114674
8342
plan 107
150299700
166290
152256
plan 108
117531470
134888
203044
plan 109
1794584
171472
85842
plan 110
240151929
91740
368049
plan 111
86032
42920
37324
plan 112
1458076
132714
85842
plan 113
1794404
171452
85842
plan 114
1097422
98612
85842
plan 115
0
2500
195012
plan 116
34332980
31256
227060
plan 117
9229029
133806
175011
plan 118
4207426
132692
8342
plan 119
7635276
93228
392220
plan 120
26322854
171458
67792
plan 121
13916
200528
12
plan 122
35774948
138224
135260
plan 123
18132382
164136
39824
plan 124
0
42920
2
plan 125
242383078
101292
253288
plan 126
1027524
104728
85842
plan 127
1787000
170568
85842
plan 128
4991818
5214
153424
plan 129
12
42920
6
plan 130
844962
76908
85842
plan 131
584728
388
185414
plan 132
261310612
174304
260266
plan 133
514000
42920
115752
plan 134
1524332
139934
85842
plan 135
656048
42920
119454
plan 136
1794584
171472
85842
plan 137
524092
42920
118154
plan 138
47870562
130424
141922
plan 139
106014228
105394
159774
plan 140
104215870
84864
278332
plan 141
263093552
174296
280912
plan 142
1008404
22850
242668
plan 143
243504
42920
58110
plan 144
188
42920
136
plan 145
178543581
156948
608271
plan 146
195593460
51414
202140
plan 147
32911332
85370
96134
plan 148
828258
86140
85842
plan 149
447096
42920
39173
plan 150
246000
107043
216267
plan 151
88536
100
109104
plan 152
139303008
121314
368676
plan 153
624510
10424
278046
plan 154
18750696
74340
76924
plan 155
86400540
67848
262810
plan 156
225475176
157660
279392
plan 157
1794584
171472
85842
plan 158
10387336
16684
150714
plan 159
1539264
126585
128763
plan 160
250862908
166540
251820
plan 161
0
0
0
plan 162
1740790
30580
62938
plan 163
7
7
3597
plan 164
347004
132692
2196
plan 165
882492
14676
93994
plan 166
7404716
117122
61160
plan 167
714
203
133195
plan 168
9408
1099
2509
plan 169
7144898
132706
67342
plan 170
4641028
132706
39964
plan 171
292
134888
4
plan 172
4998886
132706
39788
plan 173
40604
865
17303
plan 174
0
2
2
plan 175
10924764
154088
61160
plan 176
11000394
159156
64242
plan 177
578600
132706
10148
plan 178
4666084
53118
3748
plan 179
7402228
132258
68094
plan 180
347004
132692
2196
plan 181
97780
4209
51345
plan 182
2091792
103060
22094
plan 183
6831200
132706
63884
plan 184
0
1
0
plan 185
5090072
118204
50732
plan 186
10577478
160614
92685
plan 187
0
2
2
plan 188
3214284
125496
26752
plan 189
448820
160676
2128
plan 190
508124
171448
2196
plan 191
541294
71892
5430
plan 192
22808
132706
3830
plan 193
0
1
1
plan 194
347004
132692
2196
plan 195
5103900
132706
45044
plan 196
0
1
1
plan 197
7413906
118196
61816
plan 198
386028
132994
2076
plan 199
204045
79038
9066
plan 200
476378
171440
2128
plan 201
3618765
70944
71640
plan 202
1152417
70644
55722
plan 203
69464
55929
6463
plan 204
1426572
42200
52246
plan 205
12
24
33527
plan 206
292
63323
4
plan 207
3658252
63742
150598
plan 208
0
69983
5
plan 209
157965
46794
5637
plan 210
371209
37117
64365
plan 211
1764700
64634
79958
plan 212
138904
1294
68884
plan 213
925025
68165
27944
plan 214
92050
2704
49187
plan 215
149544
46244
84320
plan 216
17
71641
2
plan 217
179787
83064
57321
plan 218
297474
69030
9946
plan 219
306
14
6851
plan 220
0
62592
8146
plan 221
243796
57704
27628
plan 222
22545
34512
11204
plan 223
0
42715
5423
plan 224
0
2
70773
plan 225
0
53070
1
plan 226
830872
60540
26256
plan 227
237
3
22238
plan 228
216
12
22720
plan 229
95892
90583
2038
plan 230
218253
25604
34932
plan 231
41
19309
1
plan 232
2312205
76956
188262
plan 233
120
36575
8
plan 234
3193536
33308
84584
plan 235
1082428
36792
21978
plan 236
333680
19102
20553
plan 237
263696
64714
84298
plan 238
72689
7602
3158
plan 239
408796
60728
58476
plan 240
1347810
70463
29353
plan 241
3216
116816
136
546
77116
plan 242
0
12
1468
6044
10286
plan 243
403436
106162
20224
181870
20372
plan 244
0
2
0
2
15750
plan 245
0
2
0
2
0
plan 246
0
5455
1
2268
31
plan 247
0
1
0
11
1
plan 248
21848
68584
4066
14080
52494
plan 249
10782
80238
6288
19839
37011
plan 250
26217
919
86511
972
16514
plan 251
428
2878
67
358
3471
plan 252
215
4965
67
99
10741
plan 253
76844
84010
3768
42036
3820
plan 254
0
1
8
8921
8
plan 255
12
120
1117
7139
20667
plan 256
52524
123648
10242
30882
60345
plan 257
0
1
0
1
0
plan 258
209040
159852
7422
17790
96009
plan 259
264519
126348
19869
259533
21900
plan 260
0
2
0
2
0
plan 261
291888
77588
20310
183816
20372
plan 262
10316
81308
1832
1832
85840
plan 263
0
2
0
2
1832
plan 264
0
17343
4
6774
3
plan 265
0
1
44
8106
565
plan 266
0
2
0
10656
28
plan 267
44448
80240
5816
178964
5952
plan 268
2044
118712
36
202
90
plan 269
2246
156332
58
304
50058
plan 270
183776
119348
8446
183778
8512
plan 271
123092
171388
2006
5956
26322
plan 272
1815
10438
248
6403
350
plan 273
268
153920
10
26
2900
plan 274
348786
166752
12032
159696
12034
plan 275
0
1
0
7375
1
plan 276
0
2
0
2
1226
plan 277
33710
40992
1850
89256
1967
plan 278
961
126
5839
975
174303
plan 279
23148
276
10186
937
174262
plan 280
0
3
0
30258
3900
plan 281
596
134888
16
19838
10
plan 282
0
67154
1
10186
1
plan 283
4
96625
5
10186
3
plan 284
722
17064
4622
8786
34185
plan 285
0
1
0
1
0
plan 286
0
1
0
1
1
plan 287
4
88
185
804
30545
plan 288
0
1
0
12
697
plan 289
0
1
0
1
0
plan 290
196228
53348
9619
9765
42575
plan 291
556
134888
26
12248
76
plan 292
539040
134888
20364
183948
20372
plan 293
43728
174304
190
20372
202
plan 294
8944
132712
836
922
152606
plan 295
556014
113109
30558
30558
128763
plan 296
8
65922
157
916
8332
plan 297
23
48
3461
8976
24462
plan 298
8959
69580
63
6895
66
plan 299
17808
134888
462
598
71634
plan 300
511874
115790
15192
20372
148396
plan 301
0
1
0
1
418
plan 302
60
158
8898
894
140727
plan 303
1750
174300
30
18550
62
plan 304
0
2
0
16
2
plan 305
0
0
10186
1300
0
plan 306
247134
44712
1572
20346
30388
plan 307
70
43
4155
10609
12846
plan 308
111376
171468
10188
20372
72802
plan 309
538674
132712
20344
20372
85814
plan 310
18884
102
10186
284
66418
plan 311
14473
2767
10183
91974
10186
plan 312
8
165356
2
388
1832
plan 313
499472
121628
20372
20372
85840
plan 314
4928
102276
120
20372
134
plan 315
0
2
0
2
0
plan 316
12418
132712
2878
18406
17260
plan 317
0
1
0
1
1
plan 318
0
0
2
27
201
plan 319
0
2
0
1114
22098
plan 320
4
168440
8
20372
4
plan 321
78052
281678
13978
65996
26478
plan 322
80376
165996
36688
98918
24334
plan 323
0
8
4056
1
1
plan 324
103952
197802
27728
159890
26488
plan 325
79928
137108
60740
116028
82198
plan 326
243448
197292
102408
174152
109358
plan 327
0
41692
16
253476
2
plan 328
64
150936
12
174302
6
plan 329
221792
170446
91402
133256
85838
plan 330
120
126362
72
20926
50434
plan 331
21998
204022
12592
28360
146486
plan 332
0
28571
1
42920
1
plan 333
2314
2627
2511
10452
5181
plan 334
0
60014
4
71020
16
plan 335
72674
103533
20716
20943
66070
plan 336
404510
216812
119576
119620
183950
plan 337
10104
1867
9070
2981
147227
plan 338
72
265072
18
145396
6
plan 339
176584
236444
50756
88832
85840
plan 340
3480
142588
3474
174256
1790
plan 341
65312
148646
32166
32166
183946
plan 342
12
37160
289890
16732
5
plan 343
10258
29852
2128
174304
1788
plan 344
992
91862
1012
2956
26656
plan 345
0
486
97368
1962
26
plan 346
232968
168290
91228
91604
183914
plan 347
534
91492
11128
11128
91973
plan 348
103388
163300
70184
70440
77070
plan 349
0
1
0
0
0
plan 350
1398
130004
672
110424
42448
plan 351
31230
132460
14224
24378
85818
plan 352
142
278236
20
174262
12
plan 353
0
0
0
1
0
plan 354
5976
111800
48138
50788
158482
plan 355
180
275988
44
174304
2
plan 356
0
42892
8
208524
34
plan 357
450236
256348
90560
174302
85800
plan 358
8
74870
301274
26482
1
plan 359
2416
133852
29824
71080
84476
plan 360
96354
146076
38176
139516
26276
plan 361
472858
117208
1996
85816
138
plan 362
5827072
38062
2642
27035
14
plan 363
0
1
0
1
1
plan 364
671656
60762
84374
85840
80648
plan 365
4
113820
4
80642
4
plan 366
1696207
72089
990
4643
29
plan 367
0
46
264
2
3
plan 368
23895620
136648
9902
82668
46
plan 369
5594
18010
60035
44
164
plan 370
0
1
0
2
1
plan 371
0
1
0
12425
3
plan 372
0
1
0
77561
1
plan 373
0
1
0
3
17
plan 374
0
389
211
91891
1
plan 375
244336
20472
62706
85842
47908
plan 376
0
1
0
2883
1
plan 377
52880
97192
4
42918
1
plan 378
4
124090
4
80512
4
plan 379
8628
174304
5528
85840
10712
plan 380
14582766
91941
12122
158656
4
plan 381
0
1
211
76146
1
plan 382
5282
170414
4924
85840
9856
plan 383
9618636
103184
98844
98844
59546
plan 384
10432276
174180
159938
181444
80620
plan 385
0
1
0
1
0
plan 386
1948
6548
12
42906
2
plan 387
1671406
159094
84334
85800
80648
plan 388
971684
14828
163548
6
2588
plan 389
2736
13244
684
10792
1
plan 390
459736
158538
5828
6488
80642
plan 391
332464
39720
84328
85836
80644
plan 392
0
65836
168968
144
8
plan 393
63121
42920
12842
119998
4
plan 394
0
8
52
4
3
plan 395
7038494
57460
155120
164540
80636
plan 396
2704364
56594
93970
98110
80646
plan 397
1398
34643
17
22
40298
plan 398
1583580
157148
84318
85840
80642
plan 399
0
9521
118345
1
3
plan 400
104258
42915
20488
113548
4
plan 401
2702146
134888
59736
69954
80602
plan 402
13310066
73565
12348
164218
2
plan 403
59284
67379
276
315
40322
plan 404
765068
97168
52146
85840
37952
plan 405
131500
134888
20436
58012
47138
plan 406
5
71043
2
40281
2
plan 407
0
25146
174304
6
6
plan 408
0
2
0
2
0
plan 409
296
174304
218
218
80638
plan 410
1700
134888
54
56
80648
plan 411
25940
155692
36
27702
38
plan 412
0
1
0
27645
1
plan 413
1427676
134888
84362
85836
80648
plan 414
701032
16618
135090
3
1860
plan 415
14353368
134888
82854
84944
80648
plan 416
0
2
0
72332
41352
plan 417
35282024
174304
162738
166808
80648
plan 418
6261844
134888
158246
182644
80610
plan 419
11224214
97808
176322
181352
80648
plan 420
0
165848
2
80628
2
plan 421
406820
155580
75630
148694
79636
plan 422
0
1
0
16993
4
plan 423
34627474
134888
43868
183942
142
plan 424
22010
167484
102
118
80638
plan 425
235110
12088
102014
110262
80618
plan 426
0
2
0
2
0
plan 427
11796980
134888
3904
50526
6
plan 428
15916880
33498
13220
174300
4
plan 429
0
7544
134887
1
10
plan 430
13037360
74858
12016
156914
2
plan 431
681940
134888
17532
17588
80648
plan 432
0
71371
1
7
33674
plan 433
0
7544
134887
1
5296
plan 434
3508220
6891
29016
174304
8
plan 435
1116
138344
76
86
80596
plan 436
7316
174304
170
178
80628
plan 437
227152
19680
84366
85840
80646
plan 438
37030750
134888
175976
183942
72942
plan 439
0
1
0
31132
1
plan 440
22632
7544
134887
1
1394
plan 441
4279636
254440
33792
33792
80646
plan 442
50670850
281678
49524
55188
80642
plan 443
95144840
159890
103132
140262
28182
plan 444
102030708
258980
103828
115734
80648
plan 445
748056
32104
46820
279172
32
plan 446
2551530
277232
21598
168644
36236
plan 447
2656540
279860
7208
104520
24680
plan 448
692
53190
966
35458
73692
plan 449
0
0
0
1834
69224
plan 450
16024
32040
3410
4172
80630
plan 451
129646
106006
3692
14492
80648
plan 452
82783668
130518
13142
299016
6
plan 453
1120912
126982
4210
4450
80648
plan 454
149963976
243830
128792
132196
25988
plan 455
0
146516
1
49906
1851
plan 456
11740158
9254
44584
269896
24
plan 457
8575380
302912
34698
41514
80646
plan 458
0
7332
5060
173246
2
plan 459
247875532
273722
113786
174304
19616
plan 460
12811716
279392
47410
47410
80648
plan 461
58664878
66636
19300
39932
80648
plan 462
10666732
111890
40628
174272
34
plan 463
54747896
279440
134140
167324
80638
plan 464
1497028
204408
27008
34316
80624
plan 465
16507088
145276
1586
193828
2
plan 466
117685826
202558
132450
144700
80648
plan 467
0
42492
4488
302860
2
plan 468
62106370
48024
34116
286888
16
plan 469
23744560
173736
42180
108236
75782
plan 470
14853526
276036
84936
142500
80582
plan 471
159588732
209850
153640
168916
80648
plan 472
4348486
156144
21492
24732
80646
plan 473
1170354
174304
13428
25284
40270
plan 474
95983296
188324
80524
81144
80648
plan 475
52971764
197292
136612
167476
80634
plan 476
208639914
276210
99808
99808
80648
plan 477
191511622
276148
29016
174304
8
plan 478
17031032
25672
16736
272996
6
plan 479
199128304
281678
31440
148946
10
plan 480
298588
255036
1736
89594
24446
plan 481
1614496
24063
19693
19709
9142
plan 482
0
1
0
66685
1
plan 483
1603714
14202
5063
25296
6
plan 484
0
1
0
42096
1
plan 485
5789188
117928
26032
26612
80288
plan 486
0
9679
3238
47090
27
plan 487
513
33630
2667
2667
40324
plan 488
1812560
97840
592
4136
2
plan 489
746444
103172
89
4012
1
plan 490
0
1
0
18560
1
plan 491
3809966
159956
407
3748
3
plan 492
0
17343
602
4158
2
plan 493
41728
12894
1089
1097
40227
plan 494
313964
107824
1074
1097
40225
plan 495
202978
90114
1082
1099
40227
plan 496
4287046
111486
8624
8624
45550
plan 497
77451
9717
2260
2858
40323
plan 498
402764
5040
4167
57004
6
plan 499
0
123860
22
22
80648
plan 500
155701
440
11413
52280
14
plan 501
4746632
166240
507
3907
3
plan 502
452
174180
4
6
2082
plan 503
0
1
0
1
1
plan 504
3517576
174300
17245
17304
40283
plan 505
0
151904
1
811
661
plan 506
2174900
18130
27889
52498
116
plan 507
0
0
0
1
779
plan 508
748194
140700
28378
28378
80562
plan 509
80988
2720
43439
113948
103
plan 510
3511916
39418
28840
28856
20581
plan 511
0
1
13220
169928
2
plan 512
1161516
88420
25476
26692
80268
plan 513
992
1099
4478
4478
40323
plan 514
0
1
0
0
0
plan 515
1877080
163420
31810
34792
80254
plan 516
6191530
79452
22690
22706
80294
plan 517
0
1
0
0
0
plan 518
9390684
154128
32648
32740
71874
plan 519
0
32456
12976
13620
5013
plan 520
0
0
0
1
0
plan 521
3060
174304
12
16
38898
plan 522
102
9041
9
40322
11
plan 523
2133062
4158
11230
106990
2
plan 524
17
11320
40
1099
31439
plan 525
0
1
0
3682
1
plan 526
7880256
160356
1548
18738
10
plan 527
3647
12830
60
62
38898
plan 528
4556256
115720
34188
34792
67406
plan 529
213342
34895
93
4158
1
plan 530
0
2
0
6
2
plan 531
0
1
0
1
1
plan 532
1140
136416
3884
45080
15118
plan 533
3216
174302
4952
32346
62728
plan 534
46040
619
10557
73834
4
plan 535
0
1
0
1
0
plan 536
28172
576
4768
19068
13
plan 537
2408
128112
4945
32222
31490
plan 538
9436
128
1348
19498
1
plan 539
1204480
137812
25142
27740
72916
plan 540
71940
747
3270
48137
1
plan 541
3
34790
148
184
31529
plan 542
117502
43412
21610
23334
72928
plan 543
448
86076
370
2468
31454
plan 544
0
1
109
4158
2
plan 545
0
6
8
32638
6
plan 546
0
21
4
5
5365
plan 547
0
1
13220
170422
4
plan 548
0
0
0
1
0
plan 549
0
1
0
1
0
plan 550
25695
17343
2267
34428
12662
plan 551
0
1
0
62
30212
plan 552
200
174280
40
1097
31439
plan 553
2341714
137012
14086
14092
80294
plan 554
768
135408
1376
46243
31529
plan 555
100
171272
542
17384
63058
plan 556
0
0
0
4
8
plan 557
0
1
0
6
30212
plan 558
0
2
0
6
832
plan 559
0
1
0
51849
1
plan 560
6480
174304
711
12554
14818
plan 561
0
7544
134887
1
4135
plan 562
790338
173482
75304
75304
80644
plan 563
39588
165436
16576
16576
80618
plan 564
0
2
7963
58664
3189
plan 565
2205352
134888
38258
40802
80632
plan 566
5036288
174304
88006
88926
80632
plan 567
313964
13485
134887
5
5116
plan 568
6355154
13130
27073
134887
13
plan 569
1293128
174284
101144
101256
80636
plan 570
0
13029
7438
82010
2
plan 571
0
1
0
37828
1
plan 572
1023720
33333
456
63324
1
plan 573
1649748
125692
594
66394
8
plan 574
0
0
0
22954
2894
plan 575
17
29
19
929
6
plan 576
0
5658
83618
2
2593
plan 577
110118
174304
244
89920
22
plan 578
1
51966
1
40324
2
plan 579
90
35598
20
21
40324
plan 580
0
1
675
50321
3
plan 581
3110494
118660
141248
141248
80644
plan 582
365144
6641
1853
61082
8
plan 583
1026780
72156
125908
130022
80620
plan 584
4719540
94240
357
53293
1
plan 585
6788964
76884
125169
134886
120972
plan 586
3402963
39418
756
78782
2
plan 587
2432806
74774
389
60771
2
plan 588
6925528
134888
102542
102542
80648
plan 589
29
42199
2
40323
3
plan 590
3572044
134888
127474
130642
80634
plan 591
3507912
146844
664
132224
2
plan 592
0
1
0
469
10
plan 593
54480
134888
18928
18928
66474
plan 594
5217960
161710
856
93208
4
plan 595
0
1
662
57620
22
plan 596
119490
44612
33586
33586
80642
plan 597
10420048
120416
106054
111538
35158
plan 598
17278
65693
4060
4060
40321
plan 599
1763
37652
487
600
40324
plan 600
2833378
134888
132672
135270
80638
plan 601
3288642
97590
137376
137376
80520
plan 602
0
2
74
13910
113
plan 603
566316
134888
43672
45042
80592
plan 604
272732
54776
84758
91474
80424
plan 605
180752
134888
352
140030
6
plan 606
0
2
0
48760
10000
plan 607
0
2
0
5788
20944
plan 608
0
2
0
51916
4
plan 609
0
1
0
11931
2
plan 610
3160668
118282
110582
111306
80648
plan 611
14230210
174302
112210
145858
47374
plan 612
1542332
134888
12244
26176
3158
plan 613
747624
65234
46278
48716
80618
plan 614
0
1
0
1263
1
plan 615
94478
140462
194
110498
2
plan 616
1358624
134888
18594
18594
80648
plan 617
243080
26608
138978
139890
80646
plan 618
22766
7064
6026
6210
40296
plan 619
61374
32982
7445
36491
15
plan 620
80308
134888
3858
3916
80646
plan 621
0
1
456
17876
1
plan 622
0
1
537
18156
24
plan 623
0
1
456
72219
1
plan 624
358368
134888
59020
59020
80626
plan 625
6360248
134888
7114
118120
122
plan 626
35130
134888
11580
20316
28768
plan 627
0
19626
134888
10
5774
plan 628
12847920
174304
122746
123302
58358
plan 629
1836508
134888
11890
35876
39200
plan 630
477896
134888
12966
13102
80644
plan 631
8338090
149316
146440
147546
80646
plan 632
995466
134888
76736
133920
68306
plan 633
242451
33507
16430
18847
40324
plan 634
578648
23720
143400
144818
80646
plan 635
3267468
134888
1480
78048
20
plan 636
0
12231
33
10858
1
plan 637
1
13027
10
30875
11
plan 638
3326838
134888
928
101118
4
plan 639
353418
44463
17349
19831
40324
plan 640
100508
134888
33056
87436
32746
plan 641
0
1
0
90682
473
plan 642
0
1
0
42919
50
plan 643
0
3
14
91900
14
plan 644
0
1
0
1
1024
plan 645
0
1
0
7
2
plan 646
0
1
0
654
1030
plan 647
2059
7646
306
35817
377
plan 648
0
1
0
42920
226
plan 649
0
1
0
42921
482
plan 650
0
1
0
194
108
plan 651
12185
28265
210
91705
210
plan 652
0
1
0
13167
1031
plan 653
11235
17577
194
15290
1024
plan 654
0
1
0
654
1020
plan 655
0
1
0
0
0
plan 656
0
110
57704
192
1
plan 657
0
1
0
0
0
plan 658
0
1
0
8
1030
plan 659
0
1
0
19
1030
plan 660
0
1
0
114
566
plan 661
0
1
0
2
268
plan 662
0
0
120
1
20
plan 663
0
1
0
494
1028
plan 664
0
1
0
654
77
plan 665
0
1
0
42917
313
plan 666
138
3293
2
1294
2
plan 667
0
1
0
0
0
plan 668
0
1
0
27
2
plan 669
165
4137
20
28185
327
plan 670
3224
14260
43
1300
43
plan 671
0
977
15
23809
366
plan 672
0
1
0
42920
26
plan 673
1283
6399
12
7461
13
plan 674
0
1
0
66
16
plan 675
233
1206
122
32739
123
plan 676
0
0
1
1
962
plan 677
7518
25649
214
18568
1031
plan 678
0
1
0
42910
567
plan 679
23132
15570
594
91953
1030
plan 680
0
1
0
0
0
plan 681
0
2
0
2
0
plan 682
12720
171496
3209
27657
6395
plan 683
0
2
0
2
0
plan 684
0
122
272224
38
1064
plan 685
11478
200220
9858
15228
81826
plan 686
0
0
232120
4
0
plan 687
282
91891
282
21508
916
plan 688
0
2
0
21548
2
plan 689
0
2
0
20172
98110
plan 690
0
2
0
2
0
plan 691
9720
281678
3564
11540
26476
plan 692
0
46174
15
948
916
plan 693
4852
278184
1832
1832
85656
plan 694
5056
281632
1832
183906
1832
plan 695
11902
71578
10424
10709
42477
plan 696
185
3040
514
20819
38
plan 697
0
2624
299016
1124
7164
plan 698
1812
281678
768
940
77182
plan 699
0
32
273636
28
14320
plan 700
568
4706
288696
2182
1812
plan 701
4092
91782
4124
21508
17076
plan 702
8
358
116
1983
2127
plan 703
0
0
238248
10
1832
plan 704
17232
2773
36835
2775
123516
plan 705
1040
250616
332
18186
24328
plan 706
16
16
299016
2
12648
plan 707
10624
226560
5364
20372
33208
plan 708
5088
261038
1830
183702
1832
plan 709
312
1360
245040
568
16154
plan 710
18732
302912
3246
63816
6480
plan 711
6980
42920
13958
181352
13958
plan 712
0
10
4172
31
270
plan 713
304
91962
304
1972
8373
plan 714
0
24
254240
10
21436
plan 715
0
0
5007
1
0
plan 716
20444
199940
14750
183714
14784
plan 717
0
0
1
0
91
plan 718
2843
1451
6267
18108
133530
plan 719
25572
227656
14648
183890
14648
plan 720
0
32
247242
28
12792
plan 721
75
24157
76
101
1675
plan 722
3874
6691
30771
42917
23336
plan 723
0
1
0
12933
6
plan 724
0
6
3
5465
5
plan 725
0
1
0
40413
2
plan 726
44
40317
45
40
4832
plan 727
228
236
34415
237
40324
plan 728
9427
9868
9869
42919
36471
plan 729
0
2
1
10837
1
plan 730
0
975
5870
82929
7873
plan 731
5161
5247
10186
32444
40323
plan 732
0
7224
203
80714
1
plan 733
132
135
9477
143
40324
plan 734
2208
2225
91973
2225
40323
plan 735
8
40323
8
5
204
plan 736
8
10186
2924
86346
2
plan 737
0
0
1
2
332
plan 738
1
9490
1
5365
79
plan 739
8812
8940
80917
8941
40322
plan 740
0
15
7
10127
43
plan 741
6
10186
1791
43717
2
plan 742
0
916
1215
3137
66
plan 743
0
0
0
0
0
plan 744
899
915
916
42712
40322
plan 745
21
6637
57
42920
5
plan 746
1
3640
2924
87988
2
plan 747
0
5391
90682
5
916
plan 748
0
0
13167
1
2573
plan 749
0
1
0
1
916
plan 750
2647
9975
15294
91971
16371
plan 751
0
0
1
0
0
plan 752
0
1
0
1
1
plan 753
0
0
0
0
0
plan 754
589
597
4924
3852
40324
plan 755
0
0
1
344
0
plan 756
2
4
240
4
868
plan 757
0
1
0
42920
1
plan 758
0
0
0
0
0
plan 759
0
1
0
1
0
plan 760
35
250
43064
91322
8101
plan 761
107924
109085
145878
42914
40324
plan 762
9120
60763
4814
29458
33
plan 763
80287
80362
80364
91973
40322
plan 764
46689
46689
67363
22074
40324
plan 765
75860
76280
299016
31612
80648
plan 766
0
8048
177818
7828
2
plan 767
18
821
106205
1294
2
plan 768
2308
276210
2818
183924
4
plan 769
0
16
89221
1
1
plan 770
2
4
14
10
72195
plan 771
0
0
2
0
2
plan 772
6
6
181300
8146
37882
plan 773
0
2
0
2
0
plan 774
82
38916
929
53650
3
plan 775
0
11
78763
5376
26578
plan 776
42016
42402
210368
26490
80642
plan 777
9510
299016
6000
53180
16
plan 778
188
262810
102
39164
4
plan 779
0
274
8
26124
4
plan 780
0
1
0
12937
1
plan 781
18
28
299016
6
80648
plan 782
0
12136
249840
10274
2
plan 783
269410
281592
281632
183940
74040
plan 784
20
208180
42
85836
6
plan 785
93780
94860
125451
128760
120960
plan 786
0
2
0
2
0
plan 787
0
1834
20
15954
2
plan 788
4
101926
10
80624
12
plan 789
0
52
94436
99
1
plan 790
0
2
0
82502
4
plan 791
1798
299016
2060
94768
4
plan 792
18
125368
4
80642
4
plan 793
12416
12420
299016
5184
80646
plan 794
61
155
42920
22
73242
plan 795
188
168792
88
26490
18
plan 796
264076
271040
274796
181364
80648
plan 797
47902
48932
168290
26488
80648
plan 798
72578
74758
302912
55708
80648
plan 799
3
4
16
25
1958
plan 800
14
2
12
4
87880
plan 801
0
2
10
14945
1
plan 802
424
424
34790
3813
90682
plan 803
0
26724
1
2
1
plan 804
33724
34773
34790
40283
87988
plan 805
3101
3160
3160
40283
13245
plan 806
0
21506
22717
40261
885
plan 807
0
1
75
3458
15
plan 808
972
17852
17863
21656
52021
plan 809
83
42904
86
3878
1
plan 810
18
23628
23706
40282
5
plan 811
55
21509
21544
40283
1
plan 812
929
2245
2471
40220
38186
plan 813
0
3
41
28282
2
plan 814
0
0
0
0
0
plan 815
13575
34696
34790
40283
62930
plan 816
0
2437
11691
57
12
plan 817
0
1
0
1
1
plan 818
20
19
853
6946
4
plan 819
83
72421
86
4031
1
plan 820
0
14
88
3918
1
plan 821
1
10
570
4551
3
plan 822
0
23460
24453
40274
50831
plan 823
0
3478
3480
40244
1300
plan 824
338
38466
392
786
2
plan 825
0
2
13
2
108
plan 826
1046
91263
1051
1086
40226
plan 827
2
31924
7
146
2
plan 828
16911
19781
19782
11519
42757
plan 829
108
437
2657
45
9942
plan 830
0
0
1
0
0
plan 831
21019
21019
31887
40016
91322
plan 832
24087
24087
25162
40278
90676
plan 833
0
37
2
49
1
plan 834
1
43
15
16
1
plan 835
22199
22244
22245
12097
42919
plan 836
0
1
0
1
0
plan 837
10657
11416
27381
27631
42867
plan 838
1
7137
4
5
38898
plan 839
4131
9200
9201
36471
41423
plan 840
812
42361
929
14202
4
plan 841
0
0
1
0
0
plan 842
2723994
2723996
33100
166216
60946
plan 843
0
122136
4839
122580
1
plan 844
140836
141459
24807
9380
17711
plan 845
0
63
74
661
1
plan 846
1
13
3
13
2
plan 847
1177478
1178678
43001
29556
40226
plan 848
1501989
1501992
60333
35439
46968
plan 849
27509
1095513
90546
10472
15206
plan 850
177748
177748
9466
214700
40226
plan 851
587395
714683
5392
3995
3
plan 852
77
1923
1924
1260
71
plan 853
0
0
1
0
0
plan 854
938235
24285
24326
40283
27483
plan 855
0
1
2
13243
1
plan 856
0
1
96
2
3
plan 857
0
0
1
21488
0
plan 858
0
0
1703
1
0
plan 859
0
140
145
4841
2
plan 860
3251
35507
30
31
16656
plan 861
13
13
3
13244
1041
plan 862
19611
20115
1099
55660
38889
plan 863
188
17101
1475
13245
1
plan 864
90001
123933
42164
6487
17709
plan 865
1251211
1994390
45774
25121
7
plan 866
0
1
207
1
1
plan 867
126137
11531
34680
34790
40282
plan 868
0
1
3
13175
1
plan 869
0
21543
3812
7797
1
plan 870
906376
975104
12552
128408
35428
plan 871
2466138
2466138
28992
167892
64112
plan 872
498600
498601
32272
6315
4739
plan 873
3376
3377
17
3377
1
plan 874
0
1
0
1
0
plan 875
197108
197108
10671
240901
40218
plan 876
0
0
1
0
0
plan 877
24816
108442
2718
14333
1
plan 878
25467
34095
247
99733
38
plan 879
41129
41129
9238
78729
40226
plan 880
0
0
1
0
0
plan 881
53231
113246
36966
8258
18495
plan 882
59924
272832
23603
272893
4569
plan 883
11843
11844
227
55775
15498
plan 884
667
1066
119
5353
10
plan 885
0
1
7928
2887
19160
plan 886
263873
271813
62419
14238
30023
plan 887
212559
436855
31973
464049
40263
plan 888
0
1
780
47
1
plan 889
17490
17490
16516
34568
40267
plan 890
51256
51256
40505
20463
40269
plan 891
0
1
23
33882
1
plan 892
0
177
5
57999
12
plan 893
22009
22009
4097
14245
6454
plan 894
0
0
1
0
0
plan 895
64556
64556
2355
129963
34293
plan 896
1017169
1017169
57016
28401
19929
plan 897
989
3023
122
15492
2
plan 898
298056
303606
60364
21788
32655
plan 899
896851
939259
22540
958381
11672
plan 900
0
0
0
0
0
plan 901
0
1
46
10858
4
plan 902
0
1
2
51857
2
plan 903
0
1
761
47
18628
plan 904
441196
558048
64541
24507
268
plan 905
0
1
55
2965
11683
plan 906
0
1
1
984
1
plan 907
0
1
18
10507
1
plan 908
23345
23345
31985
7713
17714
plan 909
26305
453527
40208
27169
15344
plan 910
12910
256291
19349
256335
4
plan 911
0
0
30580
2106
0
plan 912
0
0
1
0
0
plan 913
0
1
25162
4541
5078
plan 914
52
131
8
35330
69
plan 915
0
31382
37704
1950
1
plan 916
168
168
4
60969
1352
plan 917
111
111
3
9738
1037
plan 918
252523
265940
61634
13459
40002
plan 919
433346
433346
57803
21205
40270
plan 920
0
1
1
30025
5
plan 921
104412
904949
43585
22195
11810
plan 922
556573
637101
68544
22309
27937
plan 923
58830
406957
53245
10050
17113
plan 924
0
1
17
9
1
plan 925
0
1
148
5
1
plan 926
0
0
1
1
0
plan 927
2431
2431
601
51634
39073
plan 928
0
1
1
7145
1
plan 929
0
9182
12945
13683
45
plan 930
8641
8641
11720
20269
40263
plan 931
91266
605308
59834
23272
27858
plan 932
1271
2584
1097
29384
39481
plan 933
432905
432905
49247
10702
9931
plan 934
761100
937872
63323
26819
23946
plan 935
355713
693169
25597
708662
17
plan 936
0
1
16
8
1
plan 937
139661
433818
24289
10068
4
plan 938
22522
28823
984
73368
25133
plan 939
1446
7634
1134
12230
10601
plan 940
132291
192263
36438
3971
9196
plan 941
3192
16401
128
20948
1
plan 942
0
414606
30434
418528
1
plan 943
360388
373018
59473
34790
40262
plan 944
802
2867
5386
9343
243
plan 945
12621
25895
2125
2315
40168
plan 946
0
1
1
17073
6
plan 947
890885
890885
23939
910480
13181
plan 948
442661
745700
68076
27643
33566
plan 949
107024
779200
54270
31380
24835
plan 950
3599
25466
1097
69489
39481
plan 951
4350
38433
828
77140
14822
plan 952
16547
35955
22171
52118
39524
plan 953
340
341
61
40254
38233
plan 954
6574
21530
461
37573
4
plan 955
95
1386
36
48085
38154
plan 956
0
0
24143
1
0
plan 957
0
1
6
25987
1
plan 958
0
0
0
0
0
plan 959
352963
679315
29589
704869
21824
plan 960
0
0
1
0
0
plan 961
417
91968
416
36712
355
1737
8910
plan 962
57160
262116
9232
164956
5810
7586
84550
plan 963
4968
262116
1062
102008
3092
5806
60562
plan 964
0
1
0
21613
5261
37101
5656
plan 965
0
1
0
1
0
534
1
plan 966
624
262116
856
167712
1346
1832
148714
plan 967
0
0
38656
751
4304
2046
0
plan 968
0
1
0
1
20765
2
5
plan 969
100612
249596
29002
136408
9001
71103
10877
plan 970
43740
119620
9084
7846
319052
262
20372
plan 971
0
1
0
17750
4
10707
2
plan 972
51984
262116
7502
110816
7724
16530
26360
plan 973
0
0
0
0
0
0
0
plan 974
0
1
0
0
33158
2
0
plan 975
0
0
0
1
0
0
0
plan 976
8871
91974
12071
8163
13115
10186
32403
plan 977
0
1
0
92
262116
1
481
plan 978
2316
199628
6172
60420
5916
20372
36572
plan 979
136
41000
172
1740
7200
16056
26490
plan 980
5048
320232
180
183924
180
3520
83328
plan 981
1256
262116
340
154128
366
1832
26490
plan 982
0
78268
132
140
174300
52
21248
plan 983
0
0
0
1
0
1
0
plan 984
0
2
22800
36
20372
26
2
plan 985
0
0
0
0
0
0
0
plan 986
0
0
444
2
5
8540
27
plan 987
0
2
0
2
0
2
0
plan 988
0
0
0
0
0
1
0
plan 989
0
0
0
1
0
0
0
plan 990
0
3966
122178
236
140712
142
1832
plan 991
3508
290564
32
32
80
21350
183942
plan 992
617
91962
616
174304
136
1740
8522
plan 993
86726
262116
12504
157292
7814
20342
26418
plan 994
0
0
1
0
2976
654
0
plan 995
0
1
0
1302
404
67140
1832
plan 996
39080
262116
10588
45120
22152
183942
22154
plan 997
123748
262116
21810
112938
20344
20372
85814
plan 998
9176
209724
2140
36386
13846
122552
13846
plan 999
3536
170252
100
6824
262116
140
1180
plan 1000
7004
262116
480
174240
366
402
137914
plan 1001
292
40323
324
34171
833
3465
227
plan 1002
806
90851
950
10787
23620
91864
85
plan 1003
0
0
2
0
27830
2
916
plan 1004
97
40288
107
3192
79
36649
183
plan 1005
3592
3688
7698
1578
174269
344
34607
plan 1006
0
0
2832
91322
2
242
0
plan 1007
56
143318
86
18090
3278
181364
8
plan 1008
54
40
7400
4705
91971
7
77649
plan 1009
1848
158364
750
80614
750
20306
102
plan 1010
121
40324
121
1697
89300
139
897
plan 1011
1240
130604
1026
21090
1888
36728
11372
plan 1012
0
0
202
43548
1
24
615
plan 1013
129
36392
23
23952
32
9686
139
plan 1014
20080
174300
14286
14636
14838
182978
80636
plan 1015
0
0
0
1
0
916
38
plan 1016
1328
174304
860
886
109510
9608
80620
plan 1017
117
40215
128
8457
4
93708
2
plan 1018
36
40311
36
6175
215
8912
17
plan 1019
12544
174304
8398
8532
8562
183948
80648
plan 1020
0
1
30
8214
3
98009
3
plan 1021
20236
167828
13508
15678
15678
183936
80548
plan 1022
0
1
0
1
8
4025
1
plan 1023
0
0
10
1
40309
1
732
plan 1024
0
0
1
47
7543
1147
4
plan 1025
79
40303
79
281
141096
11
6102
plan 1026
0
5
40321
6
91962
6
916
plan 1027
0
2
0
2
0
85828
2
plan 1028
705
815
33674
9666
10186
73284
40304
plan 1029
0
41
52
293
6923
58
3
plan 1030
0
3
112
11006
4
76776
2
plan 1031
0
3993
12
9118
1848
91957
3
plan 1032
0
0
0
174300
2
2
916
plan 1033
0
1
0
18369
1
8248
1
plan 1034
0
0
0
1
0
916
3
plan 1035
0
3
42
127827
14
1
4213
plan 1036
0
1
0
1
0
1
0
plan 1037
86
139816
40
21746
8398
183498
8
plan 1038
0
1
0
42
133397
14
1507
plan 1039
806
174300
504
20372
350
26380
40
plan 1040
0
150
8
170008
4
9210
97
plan 1041
0
0
0
1
0
40280
1
plan 1042
0
0
0
0
0
1
0
plan 1043
7705056
146830
237394
85842
33206
33356
80552
plan 1044
0
17158
9
20882
6
7
40323
plan 1045
0
75076
3376
17
211
91851
1
plan 1046
5083994
100508
23916
30098
29368
29368
72780
plan 1047
0
1
0
0
0
0
0
plan 1048
473317460
4136
5144755
51876
1127
90676
1
plan 1049
370160
126586
28
127
4
42919
1
plan 1050
201753600
16211
2726400
71869
7465
91862
8
plan 1051
0
1
0
0
0
0
0
plan 1052
12119
42921
876
174304
3
36
11485
plan 1053
98800
73109
20
80
4
13245
1
plan 1054
47604
134888
1452
14610
8146
183946
11436
plan 1055
0
0
0
0
13
2
0
plan 1056
0
1
0
0
20937
1
0
plan 1057
24278176
134888
6756
12774
1216
1256
68262
plan 1058
0
0
78580
1
0
0
0
plan 1059
1688193432
134888
308100
2352
19170
183942
30
plan 1060
0
1
0
1
32825
118773
22
plan 1061
0
2
0
2
0
2
0
plan 1062
77021002
174296
109858
38802
75350
77116
80648
plan 1063
0
0
0
0
28
1
0
plan 1064
992904021
1151967
87987
73725
132414
134886
118509
plan 1065
0
1
0
0
0
0
0
plan 1066
5964
134888
37
37
2528
3
190
plan 1067
0
0
0
0
0
134887
1
plan 1068
0
0
24
4
9148
134888
8
plan 1069
8007194
84236
8812
80168
94764
134888
80586
plan 1070
158366
173000
1042
182644
12
14
32014
plan 1071
0
1
0
0
0
0
0
plan 1072
0
0
0
0
328
16
0
plan 1073
2309830
76310
2604
9827
34
13245
6
plan 1074
2264
61371
25
21584
2
10
14947
plan 1075
2992
134888
46
85840
4
6
2066
plan 1076
0
2
0
2
392
145340
2
plan 1077
0
0
2
0
7544
134888
2
plan 1078
1971310
134888
21350
83080
2014
2128
80440
plan 1079
0
2501
7
40324
7
59
31
plan 1080
0
346
6894
52
7544
134888
2
plan 1081
5472
54493
1824
42920
456
78303
2
plan 1082
8731268
318624
3132840
122334
11708
183902
22
plan 1083
28710
14595
8769
10029
34365
8101
40293
plan 1084
8
1736
144
104206
8
80648
8
plan 1085
335265
30435
11830
12292
312042
408
80642
plan 1086
0
1
0
38459
456
51190
1
plan 1087
0
2
0
21482
1508
123288
6
plan 1088
0
1
0
1
0
58935
1
plan 1089
0
1
0
91
33052
886
6557
plan 1090
406
9472
8738
85840
6862
6862
27492
plan 1091
1188
9012
39170
85836
2630
39790
58
plan 1092
0
1
0
1
0
42027
1
plan 1093
2144544
108292
108416
182644
131022
133526
80640
plan 1094
0
2
0
2
0
80230
2
plan 1095
0
37652
298
12094
1412
91913
2
plan 1096
10111
5046
33366
240
6210
6210
40324
plan 1097
1831296
254308
308092
171948
61986
63252
80630
plan 1098
0
3918
313664
10266
62346
141052
59798
plan 1099
0
0
0
0
0
37817
1
plan 1100
836096
56682
56682
177638
67824
67824
80648
plan 1101
0
214
31739
1
456
73065
1
plan 1102
47262
69235
406
2824
321216
26
76826
plan 1103
25011
60702
1941
2077
2127
42912
36471
plan 1104
93633
41882
529
40803
537
21464
1
plan 1105
0
2
0
9082
2440
82052
6
plan 1106
0
0
0
0
0
0
0
plan 1107
72
61297
1
40309
0
9440
2
plan 1108
93952
107556
107556
183942
23862
23862
80640
plan 1109
0
0
0
0
0
44618
19158
plan 1110
1796
103620
319052
26486
3144
3144
80648
plan 1111
0
68638
510
510
213816
6
80638
plan 1112
0
11242
1300
146
18889
1
424
plan 1113
0
1
0
0
13610
1294
0
plan 1114
0
2
0
2
0
2
0
plan 1115
247752
8328
213698
3720
36770
37682
80648
plan 1116
0
1
0
0
5962
654
40323
plan 1117
396
3844
6848
69148
8760
8760
80530
plan 1118
0
0
0
0
0
27508
1
plan 1119
10085726
206388
206776
183910
140678
146452
72942
plan 1120
55176
316404
3648
85840
912
135834
2
plan 1121
192290
49204
17730
18061
36838
42921
40303
plan 1122
15088
6244
9012
85842
42246
42642
80646
plan 1123
0
37081
14717
39152
11330
91955
13513
plan 1124
264682
22906
10963
12390
15232
21993
40288
plan 1125
1139
40443
272
1570
9012
45740
36010
plan 1126
6692
1736
575512
183858
478
110294
4
plan 1127
0
63395
24
24
1652
3308
80648
plan 1128
6762
16547
4137
4209
4209
42921
40315
plan 1129
3845636
151964
160460
178544
138336
143226
80620
plan 1130
186360
76611
12690
12812
26098
42921
40324
plan 1131
0
14648
50200
85842
4004
115570
38
plan 1132
0
0
110140
6
0
0
0
plan 1133
92
76957
2
40324
2
13236
4
plan 1134
44733
71894
7146
7184
15637
42921
40324
plan 1135
20520
1616
260240
388
912
37940
2
plan 1136
622741
59273
18557
19108
19108
42921
40323
plan 1137
3320
24304
24304
42921
13685
13685
40323
plan 1138
1785930
74228
161218
85842
132052
136246
80618
plan 1139
2173572
133226
281714
85842
36904
39448
80634
plan 1140
250092
37266
79346
85842
111218
111218
80648
plan 1141
35568
318624
15504
27186
912
120514
4
plan 1142
0
2676
147128
78
316
46033
21
plan 1143
84541
97283
128154
91969
2487
2487
10471
plan 1144
0
204
282092
4
1402
43554
18
plan 1145
0
0
14
2
522
37515
4
plan 1146
862196
217244
695946
35914
8994
183902
12
plan 1147
0
24793
11
40322
11
17844
21
plan 1148
0
2
0
8146
54
7022
4
plan 1149
9794
25906
718
1652
42164
85842
28014
plan 1150
1669576
316404
774000
135840
2644
52492
6
plan 1151
0
33341
8
668
188970
714
27232
plan 1152
1930416
115716
245816
85838
131180
132306
80644
plan 1153
219
4209
876
42921
219
52636
1
plan 1154
4227536
282092
1346014
83500
2964
130106
20
plan 1155
2987836
135668
286992
85842
131152
134082
80638
plan 1156
45540
2988
157084
24544
29526
85022
33192
plan 1157
20452
6244
9012
85842
55058
56300
80636
plan 1158
16852
313416
1206
85838
224
28472
8
plan 1159
4608
56868
1536
42921
384
58795
2
plan 1160
6310806
185528
319052
84610
36818
37730
80648
plan 1161
20016342
23349
451654
451655
30125
456356
14007
plan 1162
0
1
0
0
11239
1
0
plan 1163
0
1
1
3
87062
73822
18041
plan 1164
0
1
0
1
0
1
1
plan 1165
0
0
1
0
0
0
0
plan 1166
121354096
457835320
59264
4176990
105078
38164
26460
plan 1167
0
0
96654
1676
3402
1
0
plan 1168
10255
10255
172
5
37699
71248
3648
plan 1169
14543
14543
524
13
37749
49157
11576
plan 1170
24660083
28580
230008
242596
38036
5934
40082
plan 1171
0
0
1
2722801
79813
32325
0
plan 1172
313949
313949
12892
142255
36426
8482
40206
plan 1173
0
0
0
1
0
0
0
plan 1174
0
0
3116
0
1
1
0
plan 1175
0
1
1
3
21499
3921
1
plan 1176
112972132
112972132
45178
1180697
29262
29354
21154
plan 1177
0
1
3377
17
3377
8
1
plan 1178
0
1
8972
806088
69980
25595
20480
plan 1179
2268
469585
28916
5547
56938
511167
45
plan 1180
0
1
0
0
1
0
0
plan 1181
84804933
227217099
59879
1189204
31086
30580
23946
plan 1182
17198456
107796588
687882
10860
125570
92350
45300
plan 1183
160620211
184605469
62421
1151167
33713
32325
27382
plan 1184
0
0
1
0
1
1
0
plan 1185
306084
13976
17434
129735
8850
7478
4
plan 1186
0
1
161
845
256
5
1
plan 1187
2174
38558
53
40324
53
24280
4
plan 1188
0
0
0
1
0
0
0
plan 1189
30193550
218181040
1635606
33252
99962
115570
31028
plan 1190
766710
766710
12460
91882
10053
159915
35612
plan 1191
228224
304262
15386
796211
38043
21937
39977
plan 1192
27295
7971
2117
2381
427
494
2
plan 1193
0
1
9
14
202
26822
1
plan 1194
2151387
6800538
44619
218354
42171
18908
39955
plan 1195
319745
319745
17481
2988
104761
362787
15435
plan 1196
0
0
0
1
0
0
0
plan 1197
0
1
32
1189205
31089
30585
2
plan 1198
0
35222
226003
8376
232001
312
6
plan 1199
0
1
4385
31264
4211
913
1
plan 1200
123362944
129278650
52689
721068
89547
7474
40224
plan 1201
0
0
0
1
0
0
0
plan 1202
0
0
0
1
0
0
0
plan 1203
0
0
227
19
345
1
0
plan 1204
667016
26766108
13322
302700
11655
530
1
plan 1205
5856
5856
217
13
53166
79811
26707
plan 1206
0
1
1
1
26124
24885
1
plan 1207
26230592
324339334
65084
2757364
53948
45408
30528
plan 1208
98936583
113182311
87993
604401
61185
36366
46950
plan 1209
0
0
205
6
41573
892
0
plan 1210
0
1
1
3
36920
31628
3
plan 1211
0
0
208
19
321
2
0
plan 1212
0
0
10334
0
1
1
0
plan 1213
0
9
476
49
230
21469
3
plan 1214
1132394
12574
100502
10158
28570
28778
20382
plan 1215
0
49126
37139
2929
36500
4283
1
plan 1216
13324668
209829796
1377
1308698
12419
4158
1
plan 1217
0
0
97081
27918
106512
23
0
plan 1218
87
40321
87
209
5
41945
1300
plan 1219
0
0
29906
1
3
48080
0
plan 1220
0
1
0
0
1
0
0
plan 1221
9607839
9750111
12601
96763
3928
5058
1618
plan 1222
0
1
5701
1092182
63223
14192
12
plan 1223
0
1
0
1
15
9108
1
plan 1224
2982666
3005706
11249
117779
24807
7355
17714
plan 1225
7349454
7349457
60333
521559
87516
51396
65640
plan 1226
12648682
61647464
49909
888876
19119
66001
23115
plan 1227
227
14046
19
19
9
1965
26714
plan 1228
11095
11096
210
6
24804
50281
9617
plan 1229
0
1
0
0
1
0
0
plan 1230
4950
5130
722526
25551
743892
3
33
plan 1231
0
5155
3280
3281
43
1294
1
plan 1232
0
0
1
0
1
0
0
plan 1233
0
0
109878
6789
1795
1
0
plan 1234
38
39
9653
333
11411
8
1329
plan 1235
0
1
0
1
0
1
0
plan 1236
0
0
18694
502
36407
8
0
plan 1237
14455920
183759
4720
1030
1185
91322
2
plan 1238
4617
4618
135
4
41570
56666
2541
plan 1239
0
0
0
1
0
0
0
plan 1240
72143990
75319774
6065
583611
5400
1480
3
plan 1241
0
0
1
1
1
0
0
plan 1242
2472913370
165520
4599588
299016
32186
33642
38766
plan 1243
7461720
107426
35812
35812
29692
67384
80206
plan 1244
116672
24952
29918
29918
34792
23452
80016
plan 1245
0
0
0
1
5419
1
1
plan 1246
921144
57388
23908
4172
23960
26982
34776
plan 1247
694879256
174304
1074780
1785224
146272
7758
11648
plan 1248
82
25140
18
18
148988
734
27878
plan 1249
0
0
22736
132
86864
5
0
plan 1250
285315632
154128
886220
170616
20274
21746
32716
plan 1251
0
0
0
888
1095
3723
1
plan 1252
76180315
235517
80
255007
2159
31566
1
plan 1253
84905428
126238
56844
26480
113690
64650
3386
plan 1254
275520
108577797
17249
8
26125
108587420
3
plan 1255
389355440
174304
33196
3468
1420
43000
4
plan 1256
0
0
0
2
12304
23926
32908
plan 1257
175741238
288296
588302
56070
10512
11780
20136
plan 1258
1925387194
130068
250724
326254
146164
928
14
plan 1259
0
1
0
0
13776
2
0
plan 1260
0
0
0
0
1
1
0
plan 1261
0
2
228
43528
700
43766
2
plan 1262
48996448
46976
193528
193530
224900
9496
74002
plan 1263
0
2958
12
159522
25271
103922
21
plan 1264
0
0
1
1
1
1
0
plan 1265
2092384518
169330
339586
339588
59840
1312
18680
plan 1266
12864
31877
2966
2966
13
164212
26714
plan 1267
200540
87470
5970
29036
157492
3092
79734
plan 1268
0
1
0
0
1
1
0
plan 1269
0
0
0
1
1
0
0
plan 1270
37782
32326
2884
94126
25222
66842
580
plan 1271
143201724
122556
673948
41636
32948
34792
53036
plan 1272
0
0
0
1
1
0
0
plan 1273
114919544
126016
291932
323964
154398
2194
79124
plan 1274
0
1
4
123156
4019
41816
2
plan 1275
538070762
130088
1229012
1229012
152268
28840
80244
plan 1276
32854
32854
3405
250832
6
59242
17954
plan 1277
0
0
0
1
1
27404
3
plan 1278
117995000
174304
770794
163242
25878
30024
40298
plan 1279
0
68346
344
31386
5321
34790
31490
plan 1280
1594
277356
276
1567184
99004
13730
23944
plan 1281
0
34724
205204
12
16
2
142600
plan 1282
0
133473
74319
2583
3201
60573
94587
plan 1283
179823884
74400
229634
229636
64208
1876
43648
plan 1284
0
0
1
0
81960
2
0
plan 1285
0
69576
6376
788256
95664
33556
62684
plan 1286
563336
121076
16358
591604
278238
2194
43362
plan 1287
0
1
0
12
8747
33224
24
plan 1288
0
0
0
0
0
1
0
plan 1289
5307596
102588
32770
32770
3880
243038
80416
plan 1290
2
4
4172
3
3
2061
125
plan 1291
2176
105652
448
93536
9824
26504
29820
plan 1292
78888600
4172
175308
489352
24052
3998
4
plan 1293
62905846
102658
236092
236092
33748
50078
79124
plan 1294
27474
120376
8142
267834
4748
30790
31496
plan 1295
0
1
0
9276
2
31529
9
plan 1296
0
0
0
17373
797
13023
4
plan 1297
0
1449034
2724
1450462
2323
3993
31529
plan 1298
0
0
0
3
3
0
0
plan 1299
1004
79892
384
553332
277570
2188
60248
plan 1300
0
80724
104
6054
24501
9720
30844
plan 1301
4652
167680
404
422872
203196
2198
61652
plan 1302
0
0
274
0
1
114314
0
plan 1303
0
331165
1169
10
172894
500465
30212
plan 1304
0
0
0
1
0
0
0
plan 1305
163965285
2790306
143076
39471
19434
21870
120969
plan 1306
3358512
27200
33260
46012
163926
122
69116
plan 1307
13258
141356
4670
1171288
187538
37516
45282
plan 1308
218507014
170872
814016
1299868
174848
29600
79564
plan 1309
1309219928
113452
402210
32584
786
11523
5
plan 1310
9386
73830
37780
31578
28298
28298
80642
plan 1311
38092
168650
10748
281678
4850
27950
31496
plan 1312
864
129876
88
223672
104722
2172
21152
plan 1313
23640664
116856
66420
357318
154128
1222
47312
plan 1314
2325604682
162932
459586
459588
69342
518
3300
plan 1315
6
196796
5968
14416
4369
34790
16904
plan 1316
0
0
0
1
0
1
0
plan 1317
8262988
25004
241100
329032
47192
377248
61672
plan 1318
0
1
48
2
0
1
1
plan 1319
6362244
99076
3272
3274
42360
3324
23174
plan 1320
745632
39418
15678
52118
30580
10086
44436
plan 1321
2134402
88164
8235
8235
2207
644
273
plan 1322
79786000
171133
5299
3728
3500
52178
1
plan 1323
24714009
1013561
27939
1041706
1348
1509
40323
plan 1324
0
80035
155
155
1099
2607
40225
plan 1325
442990
103312
2676
13626
404
33424
7035
plan 1326
9024760
45436
457256
472480
33692
83746
80280
plan 1327
0
1
0
0
5087
1
0
plan 1328
0
209
5
22938
657
7345
4
plan 1329
436741602
25004
301648
419276
25874
424020
10
plan 1330
19919032
25004
67152
67152
58372
81756
79078
plan 1331
0
8476
2236
48868
10776
12628
80648
plan 1332
25450
20897
2042
5798
549
925
40315
plan 1333
176
132958
528
528
1248
2887
40206
plan 1334
0
1
0
0
1
0
0
plan 1335
5502
32
1834
5807
128
9283
1
plan 1336
0
17344
175494
175494
63012
13454
47178
plan 1337
82495024
25003
48516
82668
12115
4800
19
plan 1338
2613102884
174304
901120
901120
29860
108352
44788
plan 1339
7360850
25004
306280
580490
26324
636628
32920
plan 1340
0
1
993
1
2501
27548
1
plan 1341
0
1
0
1
649
73
4
plan 1342
4066404
108016
43552
985772
34792
152654
42340
plan 1343
1423420
25004
88548
35370
35438
35438
80564
plan 1344
0
1
169
2
0
1
1
plan 1345
0
2
0
795156
23030
807046
2
plan 1346
0
0
0
1
51204
1
3877
plan 1347
462774
25004
11198
20368
4288
21662
80232
plan 1348
0
1
17
2
0
102861
1
plan 1349
182746168
25004
171716
476164
25864
20184
10
plan 1350
156600036
150214
94744
113892
7580
121642
57288
plan 1351
4770276
25003
1526
63191
1215
63224
1
plan 1352
0
18912
480716
937266
42200
959744
23262
plan 1353
19501616
25004
18006
18008
692
36124
19826
plan 1354
0
1
0
0
12162
563
0
plan 1355
1008
25004
1576
1576
34365
5520
36465
plan 1356
0
5240
134888
648
0
2
0
plan 1357
0
1
2
88
0
65840
1
plan 1358
634283604
102944
82638
197712
11152
12996
8
plan 1359
0
2
0
2
20
66840
22782
plan 1360
0
0
0
1
0
1
0
plan 1361
1630448522
139112
600370
622264
32060
111722
80272
plan 1362
61881068
134888
30212
33404
596
93770
16836
plan 1363
0
1
0
0
0
0
0
plan 1364
0
1
5
44896
7544
134887
1
plan 1365
0
0
0
876600
26628
947288
2
plan 1366
73423388
43392
606716
1038296
64880
61960
49566
plan 1367
439524960
65974
3963
13409
22038
99801
2
plan 1368
9072
153478
226
226
33438
315
40270
plan 1369
0
63930
6198
35476
11926
2332
55780
plan 1370
52917
6964
91602
116586
11826
183763
22459
plan 1371
1683069460
99844
205486
405764
7280
409460
6
plan 1372
0
446490
48427
12354
1
40324
2
plan 1373
266604
174304
1785
1785
1097
21997
40225
plan 1374
0
1
0
1
2
26560
1
plan 1375
46027266
10856
127
15059
13617
134887
2
plan 1376
9628
174304
700
700
12294
3576
80502
plan 1377
9634
134888
78
10
7016
53532
920
plan 1378
0
170202
109
109
34790
901
40267
plan 1379
0
0
0
1
0
0
0
plan 1380
0
0
0
0
1
0
0
plan 1381
496724
102676
5704
10570
157
32692
5510
plan 1382
0
1
12333
12
3715
23795
2
plan 1383
1777549142
134888
1030832
1030832
76956
1065486
72772
plan 1384
137844
173696
2276
48922
306
2198
37254
plan 1385
626328
26620
5722
5722
18112
9981
40263
plan 1386
9529604
30079
1468
36885
18533
72481
22
plan 1387
0
1
0
0
0
0
0
plan 1388
0
1
24548
21
6977
99711
1
plan 1389
126377774
133704
73280
77956
11012
41988
26920
plan 1390
108536104
13928
127
16125
22038
152718
4
plan 1391
1236507540
148316
180102
215672
7280
216452
4
plan 1392
44415840
174292
3360
2330
264
24699
2
plan 1393
30716
116908
222
222
6
19636
2082
plan 1394
250418
87500
2500
3740
151348
58634
14604
plan 1395
96812
134888
371
25527
2560
289
18333
plan 1396
3176787
54978
18697
65764
21378
75564
25
plan 1397
0
1
1
9
0
134887
1
plan 1398
418860
134888
3628
21818
70164
2132
183726
plan 1399
310514678
261075
24364
268895
18487
134887
6
plan 1400
415428
61046
176230
176230
20966
293520
64214
plan 1401
674336
134888
3123
4999
642
13565
6198
plan 1402
0
2
0
2
6
16914
13466
plan 1403
30748110
134888
9908
37044
18866
1992
40162
plan 1404
1618598942
134888
665968
665968
39832
680818
20926
plan 1405
0
1
0
38828
749
1397
1
plan 1406
0
1
1
8076
16618
174300
6
plan 1407
611983898
167476
72484
92664
1336
17126
8
plan 1408
12743400
134888
129008
259400
15442
87734
40466
plan 1409
705456
51848
8651
39970
8651
2397
26527
plan 1410
559884
525
68652
3166
1349
27755
22
plan 1411
147822968
15964
669306
701576
23944
756468
26200
plan 1412
0
20689
147
25698
802
120288
1
plan 1413
0
0
0
868320
62326
51572
2
plan 1414
41442107
41612
27157
27158
756
46621
12398
plan 1415
5658000
29836
4928
10179
15651
134887
3
plan 1416
0
1
34
5051
9683
134887
3
plan 1417
0
0
0
1
140
15
1
plan 1418
1373148
126
227920
715105
14202
724462
4
plan 1419
192346
9796
2481
2482
1029
4824
28142
plan 1420
0
0
0
0
0
0
0
plan 1421
115549
80678
1087
2633
1038
5274
40220
plan 1422
0
23016
372706
391402
36568
400930
18384
plan 1423
54273556
7940
631758
663538
51812
669694
35428
plan 1424
0
1
0
143
4
57785
1
plan 1425
304151448
134888
40316
371330
4012
14462
2
plan 1426
0
42892
134888
96
0
2
32992
plan 1427
13163444
134888
15938
17874
892
75612
32730
plan 1428
213540886
146576
359980
402748
76964
416384
72708
plan 1429
0
1
4
49719
22438
134887
8
plan 1430
374379168
134888
267488
280488
21332
93096
80276
plan 1431
685652
108384
3553
3965
236
20290
9254
plan 1432
208798
134888
2656
2656
1040
56952
76536
plan 1433
1236380
174304
8156
8212
50616
9832
79112
plan 1434
0
0
0
0
27500
9082
0
plan 1435
14258992
76330
6928
11862
832
121424
278
plan 1436
0
0
0
0
0
8
1055
plan 1437
1774
102278
574
24486
1318
9834
6858
plan 1438
12
174304
6
173890
1
8
10116
plan 1439
0
0
0
0
4
1
916
plan 1440
16320
85296
4218
102278
1832
9012
20372
plan 1441
352
177818
116
6848
2047
22125
708
plan 1442
0
0
0
0
2
2092
207598
plan 1443
0
0
0
0
8
1
4988
plan 1444
124900
46594
195816
9194
25796
19256
91264
plan 1445
268
79088
374
11660
1774
10152
1772
plan 1446
50368
67020
282092
6988
49592
4042
146736
plan 1447
87184
174304
19612
7116
16440
85736
19058
plan 1448
0
0
0
0
0
0
692
plan 1449
0
0
0
30768
2194
22706
2816
plan 1450
0
14681
476
82
4937
916
37273
plan 1451
0
0
0
0
0
4
2554
plan 1452
20874
3744
126
162874
1490
126124
106162
plan 1453
1190888
164956
44804
225920
14356
117732
276584
plan 1454
110
174296
92
281678
14
9012
428
plan 1455
516538
76122
33826
205704
16914
91536
221476
plan 1456
5568
1692
179788
680
32878
1188
126586
plan 1457
3436
25154
180698
5542
80424
3730
130220
plan 1458
0
109191
15845
32294
1342
12479
10399
plan 1459
8906
872
344
103812
1832
127772
294792
plan 1460
0
0
14
13
59794
6
3606
plan 1461
2054
132664
1036
29905
15
48
7324
plan 1462
3826
68480
948
9012
4339
18592
11344
plan 1463
0
0
0
0
0
1
0
plan 1464
6
24
12282
6
24016
2
10848
plan 1465
12
190566
6
75600
7
791
916
plan 1466
5568
1488
274076
144
22540
1832
161322
plan 1467
0
1
0
1
0
7600
442
plan 1468
178192
21140
315942
432
90484
4904
116112
plan 1469
59600
174302
13828
270274
1832
9013
10186
plan 1470
0
0
0
0
0
1730
1832
plan 1471
101930
174304
29076
144742
4122
950
39170
plan 1472
368654
75686
120984
19386
103882
7902
66986
plan 1473
506
3708
12
76128
7
21
5501
plan 1474
1968
88982
414
40352
2351
12282
7711
plan 1475
0
0
0
0
0
0
9246
plan 1476
3486447660
16220068
279970
71172
113544
134888
80634
plan 1477
15324250560
2825016
175662
1276
80360
10
134888
plan 1478
0
1
0
16154
178
8267
4
plan 1479
33133800
180778280
272052
29830
174294
12
73064
plan 1480
9253567280
12773696
249204
123046
119096
134888
80646
plan 1481
0
0
0
1
0
25793
4
plan 1482
55747742
127364
335058
42920
123982
125954
80642
plan 1483
3123834177
12134034
107223
74493
114225
134886
120954
plan 1484
38188161672
95420156
239696
22026
174304
10
49936
plan 1485
0
0
0
1
0
13367
8820
plan 1486
1512662528
6276608
52292
7544
134888
2
110894
plan 1487
901688
97888
5540
4172
19498
19922
80640
plan 1488
17758943241
16122174
63327
63327
72630
16575999
121287
plan 1489
789580
2134
33444
194
136874
2
107804
plan 1490
7102678
75692
284380
42920
139496
157536
80280
plan 1491
47027152
134888
183862
113916
23854
24460
80606
plan 1492
26992
134888
2856
42920
4880
40186
6680
plan 1493
90300298
134888
355602
109500
26770
37862
47742
plan 1494
0
1
0
248922
1
30960
2
plan 1495
20396500
97726
106960
49100
25826
25826
80648
plan 1496
10
157148
700
42920
1636
1636
80420
plan 1497
1173432752
134888
186656
2956
4036
31904
30
plan 1498
438520
134888
26942
33126
4886
4886
80648
plan 1499
0
0
0
1
0
24011
12204
plan 1500
1515773536
170944
528660
166292
4404
4404
65756
plan 1501
1499835528
3289112
23988
8500
104504
1
116554
